1,45830,434,366,32,25,1,-1,-1,-1
1,45808,520,366,10,15,1,-1,-1,-1
1,45790,601,362,19,20,1,-1,-1,-1
1,45778,485,360,35,30,1,-1,-1,-1
1,45771,624,361,31,30,1,-1,-1,-1
1,45718,248,380,37,52,1,-1,-1,-1
1,45695,586,370,7,23,1,-1,-1,-1
2,45830,432,366,32,25,1,-1,-1,-1
2,45808,519,366,10,15,1,-1,-1,-1
2,45790,602,362,18,20,1,-1,-1,-1
2,45778,483,360,36,30,1,-1,-1,-1
2,45771,624,361,31,30,1,-1,-1,-1
2,45718,234,380,39,55,1,-1,-1,-1
2,45695,586,370,8,23,1,-1,-1,-1
3,45830,429,366,34,26,1,-1,-1,-1
3,45808,517,366,11,15,1,-1,-1,-1
3,45790,602,362,18,20,1,-1,-1,-1
3,45778,481,360,36,31,1,-1,-1,-1
3,45771,624,361,31,30,1,-1,-1,-1
3,45718,225,381,36,56,1,-1,-1,-1
3,45695,586,370,8,23,1,-1,-1,-1
4,45830,426,366,35,26,1,-1,-1,-1
4,45808,516,366,12,15,1,-1,-1,-1
4,45790,602,362,18,20,1,-1,-1,-1
4,45778,479,360,37,31,1,-1,-1,-1
4,45771,624,361,31,30,1,-1,-1,-1
4,45718,215,381,33,54,1,-1,-1,-1
4,45695,586,370,8,23,1,-1,-1,-1
5,45830,423,365,36,27,1,-1,-1,-1
5,45808,514,366,13,15,1,-1,-1,-1
5,45790,602,361,18,21,1,-1,-1,-1
5,45778,477,359,37,32,1,-1,-1,-1
5,45771,624,360,31,31,1,-1,-1,-1
5,45718,204,380,29,57,1,-1,-1,-1
5,45695,587,369,7,24,1,-1,-1,-1
6,45830,420,365,38,26,1,-1,-1,-1
6,45808,513,365,13,15,1,-1,-1,-1
6,45790,602,360,18,21,1,-1,-1,-1
6,45778,475,358,38,32,1,-1,-1,-1
6,45771,624,359,31,31,1,-1,-1,-1
6,45718,193,380,25,59,1,-1,-1,-1
6,45695,587,368,7,24,1,-1,-1,-1
7,45830,417,364,39,27,1,-1,-1,-1
7,45808,511,364,15,15,1,-1,-1,-1
7,45790,602,360,18,20,1,-1,-1,-1
7,45778,472,357,39,33,1,-1,-1,-1
7,45771,624,358,31,31,1,-1,-1,-1
7,45718,145,382,56,63,1,-1,-1,-1
7,45695,587,368,7,23,1,-1,-1,-1
8,45830,413,363,41,27,1,-1,-1,-1
8,45808,510,363,15,15,1,-1,-1,-1
8,45790,602,359,18,20,1,-1,-1,-1
8,45778,470,356,39,33,1,-1,-1,-1
8,45771,624,358,31,30,1,-1,-1,-1
8,45718,122,390,61,59,1,-1,-1,-1
8,45695,587,367,7,23,1,-1,-1,-1
9,45830,410,363,41,28,1,-1,-1,-1
9,45808,510,363,14,15,1,-1,-1,-1
9,45790,602,359,18,20,1,-1,-1,-1
9,45778,467,356,41,34,1,-1,-1,-1
9,45771,624,357,31,31,1,-1,-1,-1
9,45718,97,395,66,58,1,-1,-1,-1
9,45695,587,366,8,23,1,-1,-1,-1
10,45830,406,364,42,28,1,-1,-1,-1
10,45808,509,364,15,15,1,-1,-1,-1
10,45790,602,360,18,20,1,-1,-1,-1
10,45778,465,357,41,34,1,-1,-1,-1
10,45771,624,358,31,31,1,-1,-1,-1
10,45718,68,381,38,78,1,-1,-1,-1
10,45695,587,367,8,23,1,-1,-1,-1
11,45830,403,364,43,29,1,-1,-1,-1
11,45808,508,364,15,16,1,-1,-1,-1
11,45790,602,360,18,21,1,-1,-1,-1
11,45778,462,358,42,34,1,-1,-1,-1
11,45771,624,359,31,30,1,-1,-1,-1
11,45718,34,383,53,82,1,-1,-1,-1
11,45695,587,368,8,23,1,-1,-1,-1
12,45830,399,365,44,29,1,-1,-1,-1
12,45808,507,365,15,16,1,-1,-1,-1
12,45790,602,361,18,20,1,-1,-1,-1
12,45778,459,358,43,35,1,-1,-1,-1
12,45771,624,360,31,30,1,-1,-1,-1
12,45718,0,385,66,87,1,-1,-1,-1
12,45695,587,369,8,23,1,-1,-1,-1
13,45830,394,365,45,30,1,-1,-1,-1
13,45808,506,366,15,15,1,-1,-1,-1
13,45790,602,361,18,21,1,-1,-1,-1
13,45778,456,358,44,36,1,-1,-1,-1
13,45771,624,360,31,31,1,-1,-1,-1
13,45718,0,387,41,80,1,-1,-1,-1
13,45695,587,369,8,23,1,-1,-1,-1
14,45830,390,366,46,30,1,-1,-1,-1
14,45808,505,366,15,16,1,-1,-1,-1
14,45790,602,362,18,20,1,-1,-1,-1
14,45778,452,359,46,36,1,-1,-1,-1
14,45771,624,361,31,30,1,-1,-1,-1
14,45718,0,429,12,45,1,-1,-1,-1
14,45695,587,370,8,23,1,-1,-1,-1
15,45830,385,366,47,31,1,-1,-1,-1
15,45808,504,366,15,16,1,-1,-1,-1
15,45790,602,362,18,20,1,-1,-1,-1
15,45778,449,359,46,37,1,-1,-1,-1
15,45771,624,361,31,30,1,-1,-1,-1
15,45695,587,370,8,23,1,-1,-1,-1
16,45830,380,366,49,32,1,-1,-1,-1
16,45808,503,366,21,17,1,-1,-1,-1
16,45790,602,362,18,20,1,-1,-1,-1
16,45778,445,359,48,38,1,-1,-1,-1
16,45771,624,361,31,30,1,-1,-1,-1
16,45695,588,370,7,23,1,-1,-1,-1
16,45690,493,371,2,12,1,-1,-1,-1
17,45830,374,366,51,33,1,-1,-1,-1
17,45808,502,366,21,17,1,-1,-1,-1
17,45790,602,362,18,20,1,-1,-1,-1
17,45778,442,359,48,38,1,-1,-1,-1
17,45771,624,361,31,31,1,-1,-1,-1
17,45695,587,370,8,23,1,-1,-1,-1
17,45690,490,371,4,14,1,-1,-1,-1
18,45830,369,365,52,33,1,-1,-1,-1
18,45808,501,366,21,16,1,-1,-1,-1
18,45790,602,362,18,20,1,-1,-1,-1
18,45778,438,358,50,39,1,-1,-1,-1
18,45771,624,360,31,31,1,-1,-1,-1
18,45695,588,369,7,24,1,-1,-1,-1
18,45690,488,370,4,15,1,-1,-1,-1
19,45830,363,365,53,33,1,-1,-1,-1
19,45808,500,365,21,16,1,-1,-1,-1
19,45790,602,361,18,20,1,-1,-1,-1
19,45778,435,357,47,40,1,-1,-1,-1
19,45771,624,359,31,31,1,-1,-1,-1
19,45695,587,368,8,24,1,-1,-1,-1
19,45690,486,369,5,15,1,-1,-1,-1
20,45830,356,365,56,34,1,-1,-1,-1
20,45808,499,365,21,17,1,-1,-1,-1
20,45790,602,361,18,20,1,-1,-1,-1
20,45778,431,357,49,41,1,-1,-1,-1
20,45771,624,359,31,31,1,-1,-1,-1
20,45716,662,367,5,5,1,-1,-1,-1
20,45695,587,369,8,23,1,-1,-1,-1
20,45690,484,369,6,16,1,-1,-1,-1
21,45830,350,365,57,35,1,-1,-1,-1
21,45808,497,365,22,17,1,-1,-1,-1
21,45790,602,361,18,20,1,-1,-1,-1
21,45778,427,357,51,42,1,-1,-1,-1
21,45771,624,360,31,31,1,-1,-1,-1
21,45716,661,368,6,4,1,-1,-1,-1
21,45695,587,369,8,23,1,-1,-1,-1
21,45690,482,370,6,15,1,-1,-1,-1
22,45830,343,364,59,37,1,-1,-1,-1
22,45808,496,365,22,17,1,-1,-1,-1
22,45790,602,361,18,20,1,-1,-1,-1
22,45778,422,356,53,43,1,-1,-1,-1
22,45771,624,359,31,32,1,-1,-1,-1
22,45716,659,367,7,5,1,-1,-1,-1
22,45695,587,368,8,23,1,-1,-1,-1
22,45690,480,369,7,16,1,-1,-1,-1
23,45830,335,363,62,38,1,-1,-1,-1
23,45808,495,364,22,17,1,-1,-1,-1
23,45790,602,360,18,20,1,-1,-1,-1
23,45778,418,355,54,44,1,-1,-1,-1
23,45771,624,358,31,32,1,-1,-1,-1
23,45716,658,366,7,5,1,-1,-1,-1
23,45695,587,368,8,22,1,-1,-1,-1
23,45690,477,368,8,16,1,-1,-1,-1
24,45830,327,362,64,38,1,-1,-1,-1
24,45808,494,363,22,17,1,-1,-1,-1
24,45790,602,358,18,21,1,-1,-1,-1
24,45778,413,354,56,45,1,-1,-1,-1
24,45771,624,357,31,32,1,-1,-1,-1
24,45716,656,365,8,5,1,-1,-1,-1
24,45695,587,366,8,23,1,-1,-1,-1
24,45690,475,367,8,16,1,-1,-1,-1
25,45830,319,361,67,39,1,-1,-1,-1
25,45808,492,361,23,18,1,-1,-1,-1
25,45790,602,357,18,21,1,-1,-1,-1
25,45778,409,352,56,46,1,-1,-1,-1
25,45771,624,356,31,32,1,-1,-1,-1
25,45716,656,364,6,4,1,-1,-1,-1
25,45695,587,365,8,23,1,-1,-1,-1
25,45690,473,366,9,16,1,-1,-1,-1
26,45830,311,360,69,40,1,-1,-1,-1
26,45808,491,360,23,18,1,-1,-1,-1
26,45790,602,356,18,21,1,-1,-1,-1
26,45778,404,351,57,47,1,-1,-1,-1
26,45771,623,355,32,32,1,-1,-1,-1
26,45716,656,363,5,4,1,-1,-1,-1
26,45695,587,364,8,23,1,-1,-1,-1
26,45690,472,365,8,17,1,-1,-1,-1
27,45830,302,359,72,42,1,-1,-1,-1
27,45808,490,360,23,18,1,-1,-1,-1
27,45790,602,356,18,20,1,-1,-1,-1
27,45778,399,350,58,49,1,-1,-1,-1
27,45771,623,354,33,32,1,-1,-1,-1
27,45695,587,363,8,23,1,-1,-1,-1
27,45690,470,364,8,17,1,-1,-1,-1
28,45830,293,359,74,42,1,-1,-1,-1
28,45808,488,359,24,18,1,-1,-1,-1
28,45790,602,355,18,20,1,-1,-1,-1
28,45778,394,349,59,50,1,-1,-1,-1
28,45771,623,354,33,32,1,-1,-1,-1
28,45695,587,363,8,22,1,-1,-1,-1
28,45690,468,364,9,17,1,-1,-1,-1
29,45830,283,359,78,43,1,-1,-1,-1
29,45808,487,359,24,18,1,-1,-1,-1
29,45790,602,355,18,20,1,-1,-1,-1
29,45778,388,349,61,51,1,-1,-1,-1
29,45771,623,354,33,32,1,-1,-1,-1
29,45695,587,363,8,22,1,-1,-1,-1
29,45690,466,364,9,17,1,-1,-1,-1
30,45830,273,358,81,45,1,-1,-1,-1
30,45808,486,359,24,18,1,-1,-1,-1
30,45790,602,355,18,20,1,-1,-1,-1
30,45778,383,348,62,53,1,-1,-1,-1
30,45771,623,353,33,33,1,-1,-1,-1
30,45695,587,362,8,23,1,-1,-1,-1
30,45690,465,364,8,17,1,-1,-1,-1
31,45830,262,357,85,46,1,-1,-1,-1
31,45808,484,358,25,18,1,-1,-1,-1
31,45790,602,354,18,20,1,-1,-1,-1
31,45778,361,347,79,54,1,-1,-1,-1
31,45771,623,352,33,33,1,-1,-1,-1
31,45695,587,362,8,22,1,-1,-1,-1
31,45690,463,363,8,17,1,-1,-1,-1
32,45830,251,357,88,47,1,-1,-1,-1
32,45808,483,357,25,19,1,-1,-1,-1
32,45790,602,353,18,20,1,-1,-1,-1
32,45778,353,346,82,56,1,-1,-1,-1
32,45771,623,351,33,33,1,-1,-1,-1
32,45695,587,361,8,22,1,-1,-1,-1
32,45690,461,362,8,18,1,-1,-1,-1
33,45830,240,356,91,49,1,-1,-1,-1
33,45808,482,357,25,19,1,-1,-1,-1
33,45790,602,353,18,20,1,-1,-1,-1
33,45778,345,346,86,57,1,-1,-1,-1
33,45771,623,351,33,33,1,-1,-1,-1
33,45695,587,361,8,22,1,-1,-1,-1
33,45690,459,362,9,17,1,-1,-1,-1
34,45830,227,356,96,50,1,-1,-1,-1
34,45808,480,357,25,19,1,-1,-1,-1
34,45790,602,353,18,20,1,-1,-1,-1
34,45778,336,345,89,59,1,-1,-1,-1
34,45771,623,351,33,33,1,-1,-1,-1
34,45695,587,361,8,22,1,-1,-1,-1
34,45690,457,362,9,18,1,-1,-1,-1
35,45830,214,357,101,51,1,-1,-1,-1
35,45808,479,357,25,19,1,-1,-1,-1
35,45790,602,353,18,20,1,-1,-1,-1
35,45778,327,345,93,61,1,-1,-1,-1
35,45771,623,351,33,34,1,-1,-1,-1
35,45695,587,361,8,23,1,-1,-1,-1
35,45690,455,362,9,19,1,-1,-1,-1
36,45830,200,357,106,54,1,-1,-1,-1
36,45808,477,358,26,19,1,-1,-1,-1
36,45790,602,354,18,20,1,-1,-1,-1
36,45778,317,346,98,62,1,-1,-1,-1
36,45771,623,352,33,33,1,-1,-1,-1
36,45695,587,361,8,24,1,-1,-1,-1
36,45690,453,363,9,18,1,-1,-1,-1
37,45830,185,358,111,55,1,-1,-1,-1
37,45808,476,358,26,20,1,-1,-1,-1
37,45790,602,354,18,21,1,-1,-1,-1
37,45778,307,346,102,64,1,-1,-1,-1
37,45771,623,353,33,33,1,-1,-1,-1
37,45695,587,362,8,23,1,-1,-1,-1
37,45690,451,364,9,18,1,-1,-1,-1
38,45830,168,359,118,57,1,-1,-1,-1
38,45808,474,359,27,20,1,-1,-1,-1
38,45790,603,355,17,20,1,-1,-1,-1
38,45778,295,346,107,67,1,-1,-1,-1
38,45771,623,354,33,33,1,-1,-1,-1
38,45695,587,363,8,23,1,-1,-1,-1
38,45690,449,364,9,19,1,-1,-1,-1
39,45830,151,360,124,59,1,-1,-1,-1
39,45808,473,360,27,20,1,-1,-1,-1
39,45790,602,356,18,20,1,-1,-1,-1
39,45778,283,347,112,69,1,-1,-1,-1
39,45771,623,354,33,34,1,-1,-1,-1
39,45695,587,364,8,23,1,-1,-1,-1
39,45690,447,365,9,20,1,-1,-1,-1
40,45830,131,360,131,62,1,-1,-1,-1
40,45808,471,361,27,20,1,-1,-1,-1
40,45790,602,357,18,20,1,-1,-1,-1
40,45778,270,347,118,71,1,-1,-1,-1
40,45771,623,355,33,34,1,-1,-1,-1
40,45695,587,365,8,23,1,-1,-1,-1
40,45690,446,366,8,20,1,-1,-1,-1
41,45830,109,361,140,64,1,-1,-1,-1
41,45808,470,362,27,20,1,-1,-1,-1
41,45790,602,358,18,20,1,-1,-1,-1
41,45778,255,347,125,74,1,-1,-1,-1
41,45771,623,356,33,34,1,-1,-1,-1
41,45695,587,365,8,24,1,-1,-1,-1
41,45690,442,367,10,20,1,-1,-1,-1
42,45830,86,361,149,67,1,-1,-1,-1
42,45808,468,362,28,21,1,-1,-1,-1
42,45790,602,358,18,20,1,-1,-1,-1
42,45778,239,347,133,77,1,-1,-1,-1
42,45771,623,356,34,34,1,-1,-1,-1
42,45695,587,366,8,23,1,-1,-1,-1
42,45690,439,367,10,20,1,-1,-1,-1
43,45830,60,361,160,70,1,-1,-1,-1
43,45808,466,362,28,21,1,-1,-1,-1
43,45790,602,358,18,20,1,-1,-1,-1
43,45778,221,346,142,80,1,-1,-1,-1
43,45771,623,356,34,34,1,-1,-1,-1
43,45695,587,366,8,22,1,-1,-1,-1
43,45690,437,367,10,21,1,-1,-1,-1
44,45830,32,361,171,73,1,-1,-1,-1
44,45808,464,361,29,21,1,-1,-1,-1
44,45790,603,357,17,20,1,-1,-1,-1
44,45778,202,345,151,84,1,-1,-1,-1
44,45771,623,355,34,35,1,-1,-1,-1
44,45695,587,365,8,23,1,-1,-1,-1
44,45690,434,367,11,21,1,-1,-1,-1
45,45830,1,360,183,76,1,-1,-1,-1
45,45808,462,361,29,21,1,-1,-1,-1
45,45790,603,357,17,20,1,-1,-1,-1
45,45778,182,344,161,87,1,-1,-1,-1
45,45771,622,355,35,34,1,-1,-1,-1
45,45695,587,364,8,23,1,-1,-1,-1
45,45690,431,366,11,21,1,-1,-1,-1
46,45830,0,359,165,81,1,-1,-1,-1
46,45808,461,360,29,22,1,-1,-1,-1
46,45790,602,356,18,20,1,-1,-1,-1
46,45778,159,342,173,92,1,-1,-1,-1
46,45771,622,354,35,35,1,-1,-1,-1
46,45695,587,364,8,23,1,-1,-1,-1
46,45690,429,366,11,21,1,-1,-1,-1
47,45830,0,358,144,85,1,-1,-1,-1
47,45808,459,359,30,22,1,-1,-1,-1
47,45790,603,355,17,20,1,-1,-1,-1
47,45778,134,341,187,96,1,-1,-1,-1
47,45771,622,353,35,35,1,-1,-1,-1
47,45695,587,363,8,23,1,-1,-1,-1
47,45690,426,365,11,22,1,-1,-1,-1
48,45830,0,358,122,90,1,-1,-1,-1
48,45808,457,359,30,22,1,-1,-1,-1
48,45790,602,355,18,20,1,-1,-1,-1
48,45778,107,340,201,101,1,-1,-1,-1
48,45771,622,353,35,35,1,-1,-1,-1
48,45695,587,363,8,22,1,-1,-1,-1
48,45690,423,365,11,21,1,-1,-1,-1
49,45830,0,358,97,80,1,-1,-1,-1
49,45808,455,359,31,22,1,-1,-1,-1
49,45790,603,355,17,20,1,-1,-1,-1
49,45778,77,338,218,107,1,-1,-1,-1
49,45771,622,352,35,36,1,-1,-1,-1
49,45695,587,362,8,23,1,-1,-1,-1
49,45690,420,365,12,22,1,-1,-1,-1
50,45830,0,357,71,85,1,-1,-1,-1
50,45808,453,359,31,22,1,-1,-1,-1
50,45790,603,355,17,20,1,-1,-1,-1
50,45778,43,337,237,113,1,-1,-1,-1
50,45771,622,352,35,36,1,-1,-1,-1
50,45695,587,362,8,23,1,-1,-1,-1
50,45690,418,365,11,22,1,-1,-1,-1
51,45830,0,358,41,89,1,-1,-1,-1
51,45808,451,359,31,23,1,-1,-1,-1
51,45790,603,355,17,20,1,-1,-1,-1
51,45778,5,336,259,119,1,-1,-1,-1
51,45771,622,353,35,35,1,-1,-1,-1
51,45695,587,363,8,22,1,-1,-1,-1
51,45690,414,365,12,23,1,-1,-1,-1
52,45808,449,359,32,23,1,-1,-1,-1
52,45790,602,355,18,20,1,-1,-1,-1
52,45778,0,335,247,127,1,-1,-1,-1
52,45771,622,353,35,35,1,-1,-1,-1
52,45695,587,363,8,23,1,-1,-1,-1
52,45690,411,365,12,23,1,-1,-1,-1
53,45808,446,359,33,24,1,-1,-1,-1
53,45790,603,355,17,21,1,-1,-1,-1
53,45778,0,334,228,136,1,-1,-1,-1
53,45771,622,353,35,36,1,-1,-1,-1
53,45695,587,363,8,23,1,-1,-1,-1
53,45690,408,366,12,23,1,-1,-1,-1
54,45808,444,360,33,24,1,-1,-1,-1
54,45790,602,356,18,20,1,-1,-1,-1
54,45778,0,333,206,145,1,-1,-1,-1
54,45771,622,354,35,36,1,-1,-1,-1
54,45695,587,364,8,22,1,-1,-1,-1
54,45690,404,366,13,24,1,-1,-1,-1
55,45808,442,360,34,24,1,-1,-1,-1
55,45790,602,356,18,20,1,-1,-1,-1
55,45778,0,331,183,134,1,-1,-1,-1
55,45771,622,354,35,36,1,-1,-1,-1
55,45695,587,364,8,23,1,-1,-1,-1
55,45690,401,366,13,25,1,-1,-1,-1
56,45808,440,360,34,24,1,-1,-1,-1
56,45790,603,356,17,20,1,-1,-1,-1
56,45778,0,329,156,135,1,-1,-1,-1
56,45771,622,354,36,36,1,-1,-1,-1
56,45695,587,364,8,23,1,-1,-1,-1
56,45690,397,367,13,24,1,-1,-1,-1
57,45808,437,360,35,25,1,-1,-1,-1
57,45790,602,356,18,20,1,-1,-1,-1
57,45778,39,330,87,136,1,-1,-1,-1
57,45771,622,354,36,36,1,-1,-1,-1
57,45695,587,364,8,23,1,-1,-1,-1
57,45690,394,367,13,25,1,-1,-1,-1
58,45808,445,360,25,25,1,-1,-1,-1
58,45790,602,356,18,20,1,-1,-1,-1
58,45778,7,328,86,146,1,-1,-1,-1
58,45771,621,354,37,36,1,-1,-1,-1
58,45695,587,364,8,22,1,-1,-1,-1
58,45690,390,367,13,25,1,-1,-1,-1
59,45808,442,360,26,25,1,-1,-1,-1
59,45790,602,356,18,20,1,-1,-1,-1
59,45778,0,328,55,152,1,-1,-1,-1
59,45771,621,353,37,37,1,-1,-1,-1
59,45695,587,364,8,21,1,-1,-1,-1
59,45690,386,367,13,25,1,-1,-1,-1
60,45808,438,359,28,26,1,-1,-1,-1
60,45790,602,355,18,21,1,-1,-1,-1
60,45778,0,352,11,106,1,-1,-1,-1
60,45771,621,353,37,37,1,-1,-1,-1
60,45726,658,362,4,6,1,-1,-1,-1
60,45695,587,363,7,22,1,-1,-1,-1
60,45690,382,366,14,26,1,-1,-1,-1
61,45808,435,359,29,26,1,-1,-1,-1
61,45790,603,355,17,20,1,-1,-1,-1
61,45771,621,353,37,37,1,-1,-1,-1
61,45726,658,362,6,6,1,-1,-1,-1
61,45716,597,362,5,5,1,-1,-1,-1
61,45695,587,363,7,23,1,-1,-1,-1
61,45690,378,366,14,27,1,-1,-1,-1
62,45808,431,359,31,26,1,-1,-1,-1
62,45790,602,355,18,20,1,-1,-1,-1
62,45771,621,353,37,37,1,-1,-1,-1
62,45726,658,362,8,6,1,-1,-1,-1
62,45716,596,362,6,5,1,-1,-1,-1
62,45695,587,363,7,22,1,-1,-1,-1
62,45690,373,366,15,27,1,-1,-1,-1
63,45808,428,359,32,27,1,-1,-1,-1
63,45790,602,355,18,20,1,-1,-1,-1
63,45771,621,353,37,37,1,-1,-1,-1
63,45726,659,362,8,6,1,-1,-1,-1
63,45716,595,363,7,4,1,-1,-1,-1
63,45695,587,363,7,22,1,-1,-1,-1
63,45690,369,366,15,28,1,-1,-1,-1
64,45808,424,359,34,27,1,-1,-1,-1
64,45790,602,355,18,20,1,-1,-1,-1
64,45771,621,353,37,37,1,-1,-1,-1
64,45726,661,362,8,6,1,-1,-1,-1
64,45716,594,362,6,5,1,-1,-1,-1
64,45695,587,363,7,21,1,-1,-1,-1
64,45690,365,366,15,28,1,-1,-1,-1
65,45808,420,359,36,27,1,-1,-1,-1
65,45790,603,355,17,20,1,-1,-1,-1
65,45771,621,353,37,37,1,-1,-1,-1
65,45726,663,362,8,6,1,-1,-1,-1
65,45695,587,363,7,22,1,-1,-1,-1
65,45690,360,367,15,28,1,-1,-1,-1
66,45808,416,359,38,28,1,-1,-1,-1
66,45790,603,355,17,21,1,-1,-1,-1
66,45771,621,353,37,38,1,-1,-1,-1
66,45726,665,362,6,6,1,-1,-1,-1
66,45716,590,363,7,4,1,-1,-1,-1
66,45695,587,363,7,22,1,-1,-1,-1
66,45690,355,367,16,29,1,-1,-1,-1
67,45808,412,360,39,27,1,-1,-1,-1
67,45790,602,356,18,20,1,-1,-1,-1
67,45771,621,353,37,38,1,-1,-1,-1
67,45726,667,362,5,6,1,-1,-1,-1
67,45716,587,362,8,5,1,-1,-1,-1
67,45695,587,363,7,23,1,-1,-1,-1
67,45690,350,367,16,30,1,-1,-1,-1
68,45808,407,360,42,28,1,-1,-1,-1
68,45790,602,356,18,20,1,-1,-1,-1
68,45771,621,353,37,38,1,-1,-1,-1
68,45716,585,363,5,5,1,-1,-1,-1
68,45695,587,364,7,22,1,-1,-1,-1
68,45690,344,367,17,31,1,-1,-1,-1
69,45808,404,360,43,28,1,-1,-1,-1
69,45790,602,356,18,20,1,-1,-1,-1
69,45771,621,353,38,38,1,-1,-1,-1
69,45695,587,364,7,22,1,-1,-1,-1
69,45690,339,368,17,30,1,-1,-1,-1
70,45808,401,360,43,29,1,-1,-1,-1
70,45790,602,356,18,20,1,-1,-1,-1
70,45771,621,353,38,39,1,-1,-1,-1
70,45716,581,362,8,5,1,-1,-1,-1
70,45695,587,364,7,22,1,-1,-1,-1
70,45690,333,368,18,31,1,-1,-1,-1
70,45688,669,362,3,6,1,-1,-1,-1
71,45808,397,360,45,29,1,-1,-1,-1
71,45790,602,356,18,20,1,-1,-1,-1
71,45771,620,353,39,39,1,-1,-1,-1
71,45716,579,363,9,5,1,-1,-1,-1
71,45695,587,364,7,22,1,-1,-1,-1
71,45690,327,368,18,32,1,-1,-1,-1
71,45688,667,362,5,6,1,-1,-1,-1
72,45808,394,360,45,30,1,-1,-1,-1
72,45790,602,356,18,20,1,-1,-1,-1
72,45771,620,353,39,39,1,-1,-1,-1
72,45716,579,364,7,4,1,-1,-1,-1
72,45695,587,364,7,22,1,-1,-1,-1
72,45690,321,368,19,33,1,-1,-1,-1
72,45688,666,362,6,6,1,-1,-1,-1
73,45808,390,359,46,31,1,-1,-1,-1
73,45790,602,355,18,21,1,-1,-1,-1
73,45771,620,353,39,39,1,-1,-1,-1
73,45716,576,363,8,5,1,-1,-1,-1
73,45695,587,363,7,23,1,-1,-1,-1
73,45690,315,368,19,33,1,-1,-1,-1
73,45688,664,362,6,6,1,-1,-1,-1
74,45808,386,359,48,31,1,-1,-1,-1
74,45790,602,355,18,21,1,-1,-1,-1
74,45771,620,353,39,39,1,-1,-1,-1
74,45716,574,362,5,5,1,-1,-1,-1
74,45695,587,363,7,23,1,-1,-1,-1
74,45690,308,368,20,34,1,-1,-1,-1
74,45688,663,362,6,6,1,-1,-1,-1
75,45808,383,359,48,32,1,-1,-1,-1
75,45790,602,355,18,20,1,-1,-1,-1
75,45771,620,352,39,40,1,-1,-1,-1
75,45716,572,363,7,4,1,-1,-1,-1
75,45695,587,363,7,23,1,-1,-1,-1
75,45690,302,368,19,35,1,-1,-1,-1
75,45688,661,362,6,6,1,-1,-1,-1
76,45808,379,359,49,32,1,-1,-1,-1
76,45790,602,355,18,20,1,-1,-1,-1
76,45771,620,352,39,40,1,-1,-1,-1
76,45716,570,362,9,5,1,-1,-1,-1
76,45695,587,363,7,23,1,-1,-1,-1
76,45690,294,368,21,36,1,-1,-1,-1
76,45688,659,362,6,6,1,-1,-1,-1
77,45808,375,359,50,33,1,-1,-1,-1
77,45790,602,355,18,20,1,-1,-1,-1
77,45771,620,352,39,40,1,-1,-1,-1
77,45716,568,362,9,5,1,-1,-1,-1
77,45695,587,363,7,23,1,-1,-1,-1
77,45690,287,368,21,37,1,-1,-1,-1
77,45688,660,362,4,6,1,-1,-1,-1
78,45808,370,359,52,33,1,-1,-1,-1
78,45790,602,355,17,21,1,-1,-1,-1
78,45771,620,352,39,40,1,-1,-1,-1
78,45716,568,362,6,6,1,-1,-1,-1
78,45695,587,363,7,24,1,-1,-1,-1
78,45690,279,369,21,37,1,-1,-1,-1
79,45808,366,359,53,34,1,-1,-1,-1
79,45790,602,355,17,21,1,-1,-1,-1
79,45771,620,352,39,41,1,-1,-1,-1
79,45716,568,362,5,6,1,-1,-1,-1
79,45695,587,363,7,24,1,-1,-1,-1
79,45690,271,369,22,38,1,-1,-1,-1
80,45808,362,359,54,34,1,-1,-1,-1
80,45790,602,355,17,21,1,-1,-1,-1
80,45771,620,352,39,41,1,-1,-1,-1
80,45716,562,363,9,5,1,-1,-1,-1
80,45695,587,363,7,24,1,-1,-1,-1
80,45690,263,369,22,39,1,-1,-1,-1
81,45808,357,359,55,35,1,-1,-1,-1
81,45790,602,356,17,20,1,-1,-1,-1
81,45771,619,352,41,41,1,-1,-1,-1
81,45716,560,364,9,4,1,-1,-1,-1
81,45695,587,364,7,23,1,-1,-1,-1
81,45690,253,369,24,40,1,-1,-1,-1
82,45808,352,359,57,36,1,-1,-1,-1
82,45790,602,356,17,20,1,-1,-1,-1
82,45771,619,352,41,41,1,-1,-1,-1
82,45716,558,364,9,4,1,-1,-1,-1
82,45695,587,364,7,23,1,-1,-1,-1
82,45690,244,370,25,41,1,-1,-1,-1
83,45808,347,359,58,36,1,-1,-1,-1
83,45790,603,356,16,20,1,-1,-1,-1
83,45771,619,352,41,42,1,-1,-1,-1
83,45716,557,363,4,5,1,-1,-1,-1
83,45695,587,364,7,23,1,-1,-1,-1
83,45690,234,370,26,42,1,-1,-1,-1
84,45808,342,359,60,37,1,-1,-1,-1
84,45790,603,356,16,20,1,-1,-1,-1
84,45771,619,352,41,42,1,-1,-1,-1
84,45716,554,363,7,5,1,-1,-1,-1
84,45695,587,364,7,23,1,-1,-1,-1
84,45690,224,370,27,43,1,-1,-1,-1
85,45808,337,359,61,37,1,-1,-1,-1
85,45790,603,356,16,20,1,-1,-1,-1
85,45771,619,352,41,42,1,-1,-1,-1
85,45716,553,362,7,6,1,-1,-1,-1
85,45695,587,363,7,24,1,-1,-1,-1
85,45690,213,370,28,45,1,-1,-1,-1
86,45808,331,359,63,38,1,-1,-1,-1
86,45790,603,355,16,21,1,-1,-1,-1
86,45771,619,352,41,42,1,-1,-1,-1
86,45716,552,362,8,6,1,-1,-1,-1
86,45695,587,363,7,24,1,-1,-1,-1
86,45690,201,371,30,45,1,-1,-1,-1
87,45808,325,359,65,39,1,-1,-1,-1
87,45790,603,355,16,21,1,-1,-1,-1
87,45771,619,352,41,42,1,-1,-1,-1
87,45716,551,362,7,6,1,-1,-1,-1
87,45695,587,363,7,24,1,-1,-1,-1
87,45690,189,371,31,47,1,-1,-1,-1
88,45808,319,359,66,39,1,-1,-1,-1
88,45790,603,355,15,21,1,-1,-1,-1
88,45771,619,352,41,42,1,-1,-1,-1
88,45716,547,362,9,6,1,-1,-1,-1
88,45695,587,363,7,24,1,-1,-1,-1
88,45690,177,371,31,48,1,-1,-1,-1
89,45808,313,359,68,40,1,-1,-1,-1
89,45790,603,355,15,21,1,-1,-1,-1
89,45771,619,352,41,42,1,-1,-1,-1
89,45716,545,363,9,5,1,-1,-1,-1
89,45695,587,363,7,24,1,-1,-1,-1
89,45690,164,371,33,50,1,-1,-1,-1
90,45808,306,359,70,41,1,-1,-1,-1
90,45790,603,355,15,21,1,-1,-1,-1
90,45771,619,352,41,43,1,-1,-1,-1
90,45716,542,363,10,5,1,-1,-1,-1
90,45695,587,363,7,24,1,-1,-1,-1
90,45690,149,372,35,51,1,-1,-1,-1
91,45808,299,359,72,42,1,-1,-1,-1
91,45790,603,355,15,21,1,-1,-1,-1
91,45771,619,352,42,43,1,-1,-1,-1
91,45716,541,362,9,6,1,-1,-1,-1
91,45695,587,363,7,24,1,-1,-1,-1
91,45690,134,372,36,53,1,-1,-1,-1
92,45808,291,359,75,43,1,-1,-1,-1
92,45790,603,355,15,21,1,-1,-1,-1
92,45771,618,352,43,43,1,-1,-1,-1
92,45716,538,363,10,5,1,-1,-1,-1
92,45695,587,363,7,24,1,-1,-1,-1
92,45690,117,373,39,54,1,-1,-1,-1
93,45808,284,359,77,44,1,-1,-1,-1
93,45790,603,355,15,21,1,-1,-1,-1
93,45771,618,352,43,43,1,-1,-1,-1
93,45716,536,363,8,5,1,-1,-1,-1
93,45695,587,363,7,24,1,-1,-1,-1
93,45690,100,373,41,57,1,-1,-1,-1
94,45808,275,359,80,45,1,-1,-1,-1
94,45790,603,355,15,21,1,-1,-1,-1
94,45771,618,352,43,44,1,-1,-1,-1
94,45716,534,363,10,5,1,-1,-1,-1
94,45695,587,364,7,23,1,-1,-1,-1
94,45690,81,374,44,58,1,-1,-1,-1
95,45808,267,359,82,46,1,-1,-1,-1
95,45790,603,355,15,21,1,-1,-1,-1
95,45771,618,352,43,44,1,-1,-1,-1
95,45716,532,363,9,5,1,-1,-1,-1
95,45695,587,364,7,23,1,-1,-1,-1
95,45690,60,374,47,61,1,-1,-1,-1
96,45808,258,359,85,47,1,-1,-1,-1
96,45790,603,356,14,20,1,-1,-1,-1
96,45771,618,352,43,44,1,-1,-1,-1
96,45716,530,362,9,6,1,-1,-1,-1
96,45695,587,364,7,23,1,-1,-1,-1
96,45690,38,374,51,64,1,-1,-1,-1
97,45808,248,359,89,48,1,-1,-1,-1
97,45790,603,355,14,21,1,-1,-1,-1
97,45771,618,352,43,44,1,-1,-1,-1
97,45716,528,362,9,6,1,-1,-1,-1
97,45695,587,364,7,23,1,-1,-1,-1
97,45690,14,375,53,66,1,-1,-1,-1
98,45808,238,359,92,49,1,-1,-1,-1
98,45790,603,355,14,21,1,-1,-1,-1
98,45771,618,352,43,45,1,-1,-1,-1
98,45716,526,362,9,6,1,-1,-1,-1
98,45695,587,363,7,24,1,-1,-1,-1
98,45690,0,376,41,68,1,-1,-1,-1
99,45808,227,359,96,50,1,-1,-1,-1
99,45790,603,355,14,21,1,-1,-1,-1
99,45771,618,352,44,45,1,-1,-1,-1
99,45716,525,362,8,6,1,-1,-1,-1
99,45695,587,363,7,23,1,-1,-1,-1
99,45690,0,376,11,65,1,-1,-1,-1
100,45808,216,359,100,52,1,-1,-1,-1
100,45790,603,355,14,21,1,-1,-1,-1
100,45771,617,352,45,45,1,-1,-1,-1
100,45716,524,362,7,6,1,-1,-1,-1
100,45695,587,363,7,23,1,-1,-1,-1
101,45808,203,359,105,53,1,-1,-1,-1
101,45790,603,355,14,21,1,-1,-1,-1
101,45771,617,351,45,46,1,-1,-1,-1
101,45716,523,363,6,5,1,-1,-1,-1
101,45695,587,363,7,24,1,-1,-1,-1
102,45808,191,359,109,55,1,-1,-1,-1
102,45790,602,355,15,21,1,-1,-1,-1
102,45771,617,351,45,46,1,-1,-1,-1
102,45716,522,363,4,5,1,-1,-1,-1
102,45695,586,363,8,24,1,-1,-1,-1
103,45808,177,359,114,56,1,-1,-1,-1
103,45790,602,355,14,21,1,-1,-1,-1
103,45771,617,351,45,47,1,-1,-1,-1
103,45695,586,363,8,24,1,-1,-1,-1
104,45808,163,359,119,58,1,-1,-1,-1
104,45790,603,355,13,21,1,-1,-1,-1
104,45771,617,351,45,47,1,-1,-1,-1
104,45695,586,363,8,24,1,-1,-1,-1
105,45808,148,359,123,60,1,-1,-1,-1
105,45790,603,355,13,21,1,-1,-1,-1
105,45771,617,351,45,47,1,-1,-1,-1
105,45695,586,363,8,24,1,-1,-1,-1
106,45808,131,359,129,61,1,-1,-1,-1
106,45790,603,355,13,21,1,-1,-1,-1
106,45771,617,351,45,47,1,-1,-1,-1
106,45695,586,363,8,24,1,-1,-1,-1
107,45808,114,359,134,63,1,-1,-1,-1
107,45790,603,355,13,21,1,-1,-1,-1
107,45771,617,351,46,47,1,-1,-1,-1
107,45695,586,363,8,24,1,-1,-1,-1
108,45808,95,359,140,66,1,-1,-1,-1
108,45790,602,355,14,21,1,-1,-1,-1
108,45771,616,351,47,48,1,-1,-1,-1
108,45695,586,363,8,24,1,-1,-1,-1
109,45808,75,359,146,68,1,-1,-1,-1
109,45790,602,355,14,21,1,-1,-1,-1
109,45785,665,358,11,11,1,-1,-1,-1
109,45771,616,351,47,48,1,-1,-1,-1
109,45695,586,363,8,24,1,-1,-1,-1
109,45688,599,362,3,7,1,-1,-1,-1
110,45808,53,359,153,70,1,-1,-1,-1
110,45790,602,355,13,21,1,-1,-1,-1
110,45785,664,358,12,11,1,-1,-1,-1
110,45771,616,351,47,48,1,-1,-1,-1
110,45695,586,363,8,24,1,-1,-1,-1
110,45688,597,362,5,7,1,-1,-1,-1
111,45808,29,359,174,73,1,-1,-1,-1
111,45790,602,355,13,21,1,-1,-1,-1
111,45785,664,358,13,11,1,-1,-1,-1
111,45771,616,351,47,48,1,-1,-1,-1
111,45695,586,363,8,24,1,-1,-1,-1
111,45688,595,362,7,7,1,-1,-1,-1
112,45808,3,359,185,76,1,-1,-1,-1
112,45790,602,355,13,21,1,-1,-1,-1
112,45785,664,358,13,10,1,-1,-1,-1
112,45771,616,351,47,49,1,-1,-1,-1
112,45695,586,363,8,24,1,-1,-1,-1
112,45688,594,362,6,7,1,-1,-1,-1
113,45808,0,359,171,79,1,-1,-1,-1
113,45790,602,355,13,21,1,-1,-1,-1
113,45785,664,358,13,10,1,-1,-1,-1
113,45771,615,351,49,49,1,-1,-1,-1
113,45695,586,363,8,24,1,-1,-1,-1
113,45688,593,362,5,7,1,-1,-1,-1
114,45808,0,359,153,83,1,-1,-1,-1
114,45790,602,355,13,21,1,-1,-1,-1
114,45785,664,358,13,11,1,-1,-1,-1
114,45771,615,351,49,49,1,-1,-1,-1
114,45695,586,363,8,24,1,-1,-1,-1
114,45688,592,362,4,7,1,-1,-1,-1
115,45808,0,359,134,87,1,-1,-1,-1
115,45790,602,355,12,21,1,-1,-1,-1
115,45785,665,358,12,11,1,-1,-1,-1
115,45771,615,351,49,50,1,-1,-1,-1
115,45695,586,363,8,24,1,-1,-1,-1
115,45688,587,364,7,3,1,-1,-1,-1
116,45808,0,359,113,86,1,-1,-1,-1
116,45790,602,355,12,21,1,-1,-1,-1
116,45785,665,358,12,11,1,-1,-1,-1
116,45771,615,350,49,51,1,-1,-1,-1
116,45695,586,363,8,24,1,-1,-1,-1
116,45688,585,362,3,6,1,-1,-1,-1
117,45808,0,359,91,81,1,-1,-1,-1
117,45790,602,355,12,21,1,-1,-1,-1
117,45785,665,358,12,11,1,-1,-1,-1
117,45771,615,350,49,51,1,-1,-1,-1
117,45755,92,364,20,17,1,-1,-1,-1
117,45695,586,363,8,24,1,-1,-1,-1
117,45688,583,362,5,7,1,-1,-1,-1
118,45808,0,359,67,85,1,-1,-1,-1
118,45790,602,355,12,21,1,-1,-1,-1
118,45785,665,358,13,11,1,-1,-1,-1
118,45771,614,350,50,52,1,-1,-1,-1
118,45755,83,360,30,23,1,-1,-1,-1
118,45695,586,363,8,24,1,-1,-1,-1
118,45688,582,362,4,7,1,-1,-1,-1
119,45808,0,359,41,89,1,-1,-1,-1
119,45790,602,355,12,21,1,-1,-1,-1
119,45785,665,358,11,11,1,-1,-1,-1
119,45771,614,350,51,52,1,-1,-1,-1
119,45755,74,358,41,28,1,-1,-1,-1
119,45695,586,363,8,24,1,-1,-1,-1
119,45688,582,363,4,6,1,-1,-1,-1
120,45790,602,355,12,21,1,-1,-1,-1
120,45771,614,350,51,52,1,-1,-1,-1
120,45755,65,358,51,29,1,-1,-1,-1
120,45695,586,363,8,24,1,-1,-1,-1
120,45688,576,364,8,5,1,-1,-1,-1
121,45790,602,355,11,21,1,-1,-1,-1
121,45771,614,350,51,52,1,-1,-1,-1
121,45755,56,359,61,29,1,-1,-1,-1
121,45695,586,363,8,24,1,-1,-1,-1
121,45688,574,362,8,7,1,-1,-1,-1
122,45790,602,355,11,21,1,-1,-1,-1
122,45771,614,350,51,53,1,-1,-1,-1
122,45755,46,360,72,29,1,-1,-1,-1
122,45695,586,363,8,24,1,-1,-1,-1
122,45688,574,362,4,7,1,-1,-1,-1
123,45790,602,355,11,21,1,-1,-1,-1
123,45771,614,350,51,53,1,-1,-1,-1
123,45755,36,360,84,30,1,-1,-1,-1
123,45695,586,363,8,24,1,-1,-1,-1
123,45688,570,362,7,7,1,-1,-1,-1
124,45790,602,355,11,21,1,-1,-1,-1
124,45771,613,350,53,53,1,-1,-1,-1
124,45755,26,361,95,30,1,-1,-1,-1
124,45695,586,363,8,23,1,-1,-1,-1
124,45688,568,362,7,7,1,-1,-1,-1
125,45790,602,355,11,21,1,-1,-1,-1
125,45771,613,350,53,54,1,-1,-1,-1
125,45755,16,362,107,30,1,-1,-1,-1
125,45695,586,363,8,23,1,-1,-1,-1
125,45688,567,362,6,7,1,-1,-1,-1
126,45790,602,355,10,21,1,-1,-1,-1
126,45771,613,350,53,54,1,-1,-1,-1
126,45755,17,363,108,30,1,-1,-1,-1
126,45695,586,363,8,23,1,-1,-1,-1
126,45688,565,362,5,7,1,-1,-1,-1
127,45790,603,355,9,21,1,-1,-1,-1
127,45771,613,350,53,54,1,-1,-1,-1
127,45755,17,364,109,30,1,-1,-1,-1
127,45695,586,363,8,24,1,-1,-1,-1
127,45688,565,363,4,5,1,-1,-1,-1
128,45790,602,355,10,21,1,-1,-1,-1
128,45771,613,350,53,55,1,-1,-1,-1
128,45755,17,365,111,30,1,-1,-1,-1
128,45695,586,363,8,23,1,-1,-1,-1
128,45688,559,364,8,5,1,-1,-1,-1
129,45790,603,355,9,21,1,-1,-1,-1
129,45771,612,350,55,55,1,-1,-1,-1
129,45755,18,365,112,32,1,-1,-1,-1
129,45695,586,363,8,23,1,-1,-1,-1
129,45688,557,365,7,4,1,-1,-1,-1
130,45790,602,355,10,21,1,-1,-1,-1
130,45771,612,349,55,56,1,-1,-1,-1
130,45755,18,366,113,32,1,-1,-1,-1
130,45695,586,363,8,23,1,-1,-1,-1
130,45688,555,362,4,7,1,-1,-1,-1
131,45790,603,355,8,21,1,-1,-1,-1
131,45771,612,349,55,57,1,-1,-1,-1
131,45755,18,367,115,32,1,-1,-1,-1
131,45695,586,363,8,23,1,-1,-1,-1
131,45688,553,362,5,6,1,-1,-1,-1
132,45790,603,355,8,21,1,-1,-1,-1
132,45771,612,349,55,57,1,-1,-1,-1
132,45755,18,368,117,33,1,-1,-1,-1
132,45695,586,363,8,23,1,-1,-1,-1
132,45688,552,362,5,7,1,-1,-1,-1
133,45790,603,355,8,21,1,-1,-1,-1
133,45771,611,349,56,57,1,-1,-1,-1
133,45755,19,368,117,34,1,-1,-1,-1
133,45695,586,363,8,23,1,-1,-1,-1
133,45688,548,362,6,7,1,-1,-1,-1
134,45790,603,355,8,20,1,-1,-1,-1
134,45771,611,349,57,58,1,-1,-1,-1
134,45755,19,369,118,34,1,-1,-1,-1
134,45695,586,363,8,23,1,-1,-1,-1
134,45688,546,363,7,6,1,-1,-1,-1
135,45790,603,355,7,20,1,-1,-1,-1
135,45771,611,349,57,58,1,-1,-1,-1
135,45755,19,370,119,34,1,-1,-1,-1
135,45695,586,363,8,23,1,-1,-1,-1
135,45688,543,362,8,7,1,-1,-1,-1
136,45790,603,355,7,20,1,-1,-1,-1
136,45771,611,349,57,59,1,-1,-1,-1
136,45755,19,371,120,34,1,-1,-1,-1
136,45695,586,363,8,23,1,-1,-1,-1
136,45688,541,362,5,8,1,-1,-1,-1
137,45790,603,355,7,21,1,-1,-1,-1
137,45771,610,349,58,59,1,-1,-1,-1
137,45755,19,371,106,35,1,-1,-1,-1
137,45695,586,363,8,23,1,-1,-1,-1
137,45688,540,362,5,8,1,-1,-1,-1
138,45790,603,355,7,21,1,-1,-1,-1
138,45771,610,349,59,59,1,-1,-1,-1
138,45755,19,372,122,36,1,-1,-1,-1
138,45695,586,363,8,23,1,-1,-1,-1
138,45688,537,362,7,8,1,-1,-1,-1
139,45771,610,349,59,60,1,-1,-1,-1
139,45755,18,373,123,33,1,-1,-1,-1
139,45695,586,363,8,24,1,-1,-1,-1
139,45688,534,362,7,8,1,-1,-1,-1
140,45771,610,349,59,60,1,-1,-1,-1
140,45755,17,374,124,33,1,-1,-1,-1
140,45695,586,363,8,23,1,-1,-1,-1
140,45688,531,362,8,8,1,-1,-1,-1
141,45771,610,348,60,61,1,-1,-1,-1
141,45755,16,374,124,37,1,-1,-1,-1
141,45695,586,363,8,23,1,-1,-1,-1
141,45688,529,362,7,8,1,-1,-1,-1
142,45771,609,348,61,62,1,-1,-1,-1
142,45755,38,375,101,38,1,-1,-1,-1
142,45695,586,363,8,23,1,-1,-1,-1
142,45688,526,362,7,8,1,-1,-1,-1
143,45771,609,348,61,62,1,-1,-1,-1
143,45755,12,375,125,39,1,-1,-1,-1
143,45695,586,363,8,23,1,-1,-1,-1
143,45688,525,362,7,8,1,-1,-1,-1
144,45771,609,348,61,63,1,-1,-1,-1
144,45755,10,376,125,39,1,-1,-1,-1
144,45695,586,363,8,23,1,-1,-1,-1
144,45688,522,362,6,8,1,-1,-1,-1
145,45785,592,358,11,12,1,-1,-1,-1
145,45771,608,348,63,63,1,-1,-1,-1
145,45755,7,376,124,41,1,-1,-1,-1
145,45695,586,363,8,23,1,-1,-1,-1
145,45688,521,362,6,8,1,-1,-1,-1
146,45785,592,358,11,12,1,-1,-1,-1
146,45771,608,348,63,64,1,-1,-1,-1
146,45755,3,377,123,42,1,-1,-1,-1
146,45695,586,363,8,23,1,-1,-1,-1
146,45688,519,362,5,8,1,-1,-1,-1
147,45785,588,358,15,10,1,-1,-1,-1
147,45771,608,348,63,64,1,-1,-1,-1
147,45755,0,378,119,43,1,-1,-1,-1
147,45695,586,363,8,23,1,-1,-1,-1
147,45688,518,363,4,7,1,-1,-1,-1
148,45785,586,358,17,10,1,-1,-1,-1
148,45771,608,348,64,65,1,-1,-1,-1
148,45755,0,378,111,45,1,-1,-1,-1
148,45695,586,363,8,24,1,-1,-1,-1
149,45785,585,358,18,11,1,-1,-1,-1
149,45771,607,348,65,65,1,-1,-1,-1
149,45755,0,379,101,46,1,-1,-1,-1
149,45695,586,363,8,24,1,-1,-1,-1
150,45785,585,358,18,12,1,-1,-1,-1
150,45771,607,347,65,67,1,-1,-1,-1
150,45755,0,379,90,48,1,-1,-1,-1
150,45695,586,363,8,24,1,-1,-1,-1
151,45785,578,358,25,12,1,-1,-1,-1
151,45771,607,347,66,67,1,-1,-1,-1
151,45755,0,380,77,45,1,-1,-1,-1
151,45695,586,363,8,24,1,-1,-1,-1
151,45688,503,362,3,8,1,-1,-1,-1
152,45785,576,358,27,12,1,-1,-1,-1
152,45771,606,347,67,67,1,-1,-1,-1
152,45755,0,381,63,47,1,-1,-1,-1
152,45695,586,363,8,23,1,-1,-1,-1
152,45688,501,362,4,8,1,-1,-1,-1
153,45785,573,358,30,12,1,-1,-1,-1
153,45771,606,347,67,68,1,-1,-1,-1
153,45755,0,381,49,50,1,-1,-1,-1
153,45695,586,363,8,23,1,-1,-1,-1
153,45688,498,362,5,8,1,-1,-1,-1
154,45785,571,358,32,12,1,-1,-1,-1
154,45771,606,347,68,68,1,-1,-1,-1
154,45755,0,382,30,53,1,-1,-1,-1
154,45695,586,363,8,24,1,-1,-1,-1
154,45688,497,362,5,8,1,-1,-1,-1
155,45785,571,358,31,12,1,-1,-1,-1
155,45771,605,347,69,69,1,-1,-1,-1
155,45755,0,392,16,46,1,-1,-1,-1
155,45695,586,363,8,24,1,-1,-1,-1
155,45688,495,362,4,8,1,-1,-1,-1
156,45785,566,358,35,12,1,-1,-1,-1
156,45771,605,347,69,70,1,-1,-1,-1
156,45695,586,363,8,23,1,-1,-1,-1
156,45688,495,364,3,6,1,-1,-1,-1
157,45785,564,358,34,11,1,-1,-1,-1
157,45771,605,347,70,70,1,-1,-1,-1
157,45695,586,363,8,23,1,-1,-1,-1
158,45785,561,358,35,12,1,-1,-1,-1
158,45771,604,346,71,72,1,-1,-1,-1
158,45695,586,363,8,24,1,-1,-1,-1
159,45785,559,358,35,12,1,-1,-1,-1
159,45771,604,346,71,72,1,-1,-1,-1
159,45695,586,363,7,24,1,-1,-1,-1
160,45785,557,358,33,12,1,-1,-1,-1
160,45771,603,346,73,73,1,-1,-1,-1
160,45695,586,363,7,24,1,-1,-1,-1
161,45785,554,358,33,12,1,-1,-1,-1
161,45771,603,346,73,73,1,-1,-1,-1
161,45695,586,363,7,24,1,-1,-1,-1
162,45785,551,358,34,12,1,-1,-1,-1
162,45771,603,346,73,74,1,-1,-1,-1
162,45695,586,363,7,24,1,-1,-1,-1
163,45785,549,358,34,12,1,-1,-1,-1
163,45771,602,346,75,75,1,-1,-1,-1
163,45695,586,363,7,24,1,-1,-1,-1
164,45785,546,358,32,12,1,-1,-1,-1
164,45771,602,346,75,75,1,-1,-1,-1
164,45695,586,363,7,24,1,-1,-1,-1
165,45785,544,358,31,12,1,-1,-1,-1
165,45771,601,345,77,77,1,-1,-1,-1
165,45695,586,363,7,24,1,-1,-1,-1
166,45785,541,358,34,12,1,-1,-1,-1
166,45771,601,345,77,77,1,-1,-1,-1
166,45695,586,364,7,23,1,-1,-1,-1
167,45785,540,358,33,12,1,-1,-1,-1
167,45771,601,345,78,78,1,-1,-1,-1
167,45695,586,364,7,23,1,-1,-1,-1
168,45785,539,358,31,12,1,-1,-1,-1
168,45771,600,345,79,79,1,-1,-1,-1
168,45695,586,364,7,23,1,-1,-1,-1
169,45785,533,358,35,13,1,-1,-1,-1
169,45771,600,345,79,79,1,-1,-1,-1
169,45695,586,364,7,23,1,-1,-1,-1
170,45785,530,358,35,13,1,-1,-1,-1
170,45771,599,345,81,80,1,-1,-1,-1
170,45695,586,364,7,23,1,-1,-1,-1
171,45785,528,358,35,13,1,-1,-1,-1
171,45771,599,344,81,82,1,-1,-1,-1
171,45695,586,364,7,24,1,-1,-1,-1
172,45785,525,358,34,13,1,-1,-1,-1
172,45771,598,344,83,83,1,-1,-1,-1
172,45695,586,364,7,24,1,-1,-1,-1
173,45785,522,357,36,14,1,-1,-1,-1
173,45771,598,344,83,83,1,-1,-1,-1
173,45695,586,364,7,24,1,-1,-1,-1
174,45785,519,357,37,14,1,-1,-1,-1
174,45771,597,344,85,84,1,-1,-1,-1
174,45695,586,364,7,24,1,-1,-1,-1
175,45785,517,357,36,14,1,-1,-1,-1
175,45771,597,344,85,85,1,-1,-1,-1
175,45695,586,364,7,24,1,-1,-1,-1
176,45785,514,357,38,14,1,-1,-1,-1
176,45771,596,343,87,87,1,-1,-1,-1
176,45695,586,364,7,24,1,-1,-1,-1
177,45785,511,357,38,14,1,-1,-1,-1
177,45771,596,343,88,88,1,-1,-1,-1
177,45695,586,364,7,24,1,-1,-1,-1
178,45785,508,357,38,14,1,-1,-1,-1
178,45771,595,343,89,88,1,-1,-1,-1
178,45695,586,364,7,24,1,-1,-1,-1
179,45785,505,357,37,14,1,-1,-1,-1
179,45771,594,343,91,89,1,-1,-1,-1
179,45695,586,364,7,24,1,-1,-1,-1
180,45785,503,357,38,14,1,-1,-1,-1
180,45771,594,343,91,90,1,-1,-1,-1
180,45695,586,364,7,24,1,-1,-1,-1
181,45785,502,357,36,14,1,-1,-1,-1
181,45771,593,342,93,92,1,-1,-1,-1
181,45695,586,364,7,24,1,-1,-1,-1
182,45785,500,357,36,14,1,-1,-1,-1
182,45771,593,342,94,93,1,-1,-1,-1
182,45695,586,364,6,24,1,-1,-1,-1
183,45785,494,357,38,14,1,-1,-1,-1
183,45771,592,342,95,94,1,-1,-1,-1
183,45695,586,363,6,23,1,-1,-1,-1
184,45785,491,357,39,13,1,-1,-1,-1
184,45771,591,341,97,95,1,-1,-1,-1
184,45695,586,363,5,24,1,-1,-1,-1
185,45785,488,356,38,14,1,-1,-1,-1
185,45771,591,340,98,96,1,-1,-1,-1
185,45695,586,362,5,24,1,-1,-1,-1
186,45785,485,355,39,14,1,-1,-1,-1
186,45771,590,339,99,97,1,-1,-1,-1
186,45695,586,361,4,24,1,-1,-1,-1
187,45785,482,355,32,14,1,-1,-1,-1
187,45771,590,338,100,98,1,-1,-1,-1
187,45695,586,361,4,24,1,-1,-1,-1
188,45785,479,354,34,14,1,-1,-1,-1
188,45771,589,338,101,99,1,-1,-1,-1
188,45695,586,360,3,24,1,-1,-1,-1
189,45785,476,354,36,14,1,-1,-1,-1
189,45771,589,337,102,100,1,-1,-1,-1
189,45695,586,360,3,23,1,-1,-1,-1
190,45785,473,352,38,14,1,-1,-1,-1
190,45771,588,335,103,101,1,-1,-1,-1
191,45785,470,351,40,14,1,-1,-1,-1
191,45771,588,334,103,102,1,-1,-1,-1
192,45785,468,349,36,14,1,-1,-1,-1
192,45771,586,331,104,102,1,-1,-1,-1
193,45785,466,345,36,14,1,-1,-1,-1
193,45771,585,328,104,102,1,-1,-1,-1
194,45785,466,342,32,14,1,-1,-1,-1
194,45771,585,325,103,101,1,-1,-1,-1
195,45785,465,341,30,15,1,-1,-1,-1
195,45771,585,325,103,100,1,-1,-1,-1
196,45785,465,343,29,14,1,-1,-1,-1
196,45771,586,327,101,99,1,-1,-1,-1
197,45785,465,346,25,14,1,-1,-1,-1
197,45771,586,329,101,99,1,-1,-1,-1
198,45785,465,348,24,14,1,-1,-1,-1
198,45771,587,332,100,98,1,-1,-1,-1
198,45724,687,357,3,7,1,-1,-1,-1
199,45785,465,351,22,14,1,-1,-1,-1
199,45771,587,334,100,99,1,-1,-1,-1
199,45724,687,359,3,7,1,-1,-1,-1
200,45785,465,353,19,14,1,-1,-1,-1
200,45771,588,337,99,97,1,-1,-1,-1
200,45724,687,362,3,7,1,-1,-1,-1
201,45785,465,355,17,14,1,-1,-1,-1
201,45771,588,339,99,97,1,-1,-1,-1
201,45724,687,364,3,7,1,-1,-1,-1
202,45785,465,357,14,14,1,-1,-1,-1
202,45771,588,341,99,97,1,-1,-1,-1
202,45724,688,365,3,7,1,-1,-1,-1
203,45785,464,358,7,15,1,-1,-1,-1
203,45771,588,342,99,97,1,-1,-1,-1
204,45771,589,343,98,98,1,-1,-1,-1
205,45771,589,344,99,98,1,-1,-1,-1
206,45771,589,345,99,97,1,-1,-1,-1
207,45771,589,346,99,97,1,-1,-1,-1
208,45771,589,346,99,98,1,-1,-1,-1
209,45771,589,346,100,99,1,-1,-1,-1
210,45771,588,346,101,99,1,-1,-1,-1
211,45771,588,346,101,99,1,-1,-1,-1
212,45771,588,345,102,100,1,-1,-1,-1
213,45771,588,344,102,100,1,-1,-1,-1
214,45771,588,343,103,101,1,-1,-1,-1
215,45771,587,344,104,101,1,-1,-1,-1
216,45771,587,345,105,102,1,-1,-1,-1
217,45771,586,345,106,104,1,-1,-1,-1
218,45771,586,346,107,104,1,-1,-1,-1
219,45771,585,346,108,105,1,-1,-1,-1
220,45771,585,345,109,107,1,-1,-1,-1
221,45771,584,345,111,108,1,-1,-1,-1
222,45771,583,345,113,109,1,-1,-1,-1
223,45771,582,344,115,111,1,-1,-1,-1
224,45771,581,342,116,113,1,-1,-1,-1
225,45771,581,341,117,113,1,-1,-1,-1
226,45771,580,339,119,115,1,-1,-1,-1
227,45771,579,338,121,116,1,-1,-1,-1
228,45771,579,337,121,116,1,-1,-1,-1
229,45771,578,336,123,117,1,-1,-1,-1
230,45771,578,334,123,119,1,-1,-1,-1
231,45771,578,333,123,118,1,-1,-1,-1
232,45771,578,331,123,118,1,-1,-1,-1
233,45771,578,329,123,118,1,-1,-1,-1
234,45771,578,328,123,118,1,-1,-1,-1
235,45771,578,329,123,118,1,-1,-1,-1
236,45771,579,331,122,117,1,-1,-1,-1
237,45771,578,332,123,118,1,-1,-1,-1
238,45771,578,334,123,118,1,-1,-1,-1
239,45771,578,335,123,119,1,-1,-1,-1
240,45771,578,336,124,120,1,-1,-1,-1
241,45771,577,336,125,121,1,-1,-1,-1
242,45771,577,336,126,122,1,-1,-1,-1
243,45771,576,336,127,122,1,-1,-1,-1
244,45771,576,336,128,123,1,-1,-1,-1
245,45771,575,337,129,124,1,-1,-1,-1
246,45771,574,338,131,126,1,-1,-1,-1
247,45771,573,339,133,127,1,-1,-1,-1
248,45771,572,338,135,129,1,-1,-1,-1
249,45771,572,337,136,130,1,-1,-1,-1
250,45771,571,336,137,131,1,-1,-1,-1
251,45771,570,335,139,132,1,-1,-1,-1
252,45771,570,334,140,133,1,-1,-1,-1
253,45771,569,331,141,133,1,-1,-1,-1
254,45771,570,327,140,133,1,-1,-1,-1
255,45771,570,324,139,132,1,-1,-1,-1
256,45771,571,324,138,131,1,-1,-1,-1
257,45771,572,326,136,129,1,-1,-1,-1
258,45771,572,328,135,128,1,-1,-1,-1
259,45771,573,330,134,127,1,-1,-1,-1
260,45771,573,332,133,126,1,-1,-1,-1
261,45771,574,334,132,126,1,-1,-1,-1
262,45771,574,335,131,126,1,-1,-1,-1
263,45771,574,336,131,126,1,-1,-1,-1
264,45771,574,337,131,126,1,-1,-1,-1
265,45771,574,338,131,126,1,-1,-1,-1
266,45771,574,338,132,127,1,-1,-1,-1
267,45771,573,339,133,127,1,-1,-1,-1
268,45771,573,339,134,128,1,-1,-1,-1
269,45771,572,338,135,129,1,-1,-1,-1
270,45771,572,336,136,131,1,-1,-1,-1
271,45771,571,334,137,131,1,-1,-1,-1
272,45771,571,333,137,131,1,-1,-1,-1
273,45771,571,333,138,131,1,-1,-1,-1
274,45771,570,333,139,132,1,-1,-1,-1
275,45771,570,334,139,132,1,-1,-1,-1
276,45771,570,335,140,133,1,-1,-1,-1
277,45771,569,335,141,134,1,-1,-1,-1
278,45771,569,335,142,135,1,-1,-1,-1
279,45771,568,333,143,135,1,-1,-1,-1
280,45771,569,329,141,135,1,-1,-1,-1
281,45771,569,327,141,133,1,-1,-1,-1
282,45771,569,327,141,134,1,-1,-1,-1
283,45771,570,329,140,133,1,-1,-1,-1
284,45771,570,331,140,133,1,-1,-1,-1
285,45771,570,332,140,133,1,-1,-1,-1
286,45771,570,334,140,133,1,-1,-1,-1
287,45771,569,335,141,133,1,-1,-1,-1
288,45771,569,336,141,134,1,-1,-1,-1
289,45771,569,336,141,135,1,-1,-1,-1
290,45771,568,337,143,135,1,-1,-1,-1
291,45771,568,337,143,135,1,-1,-1,-1
292,45771,568,333,143,136,1,-1,-1,-1
293,45771,568,329,143,135,1,-1,-1,-1
294,45771,569,326,141,135,1,-1,-1,-1
295,45771,569,327,141,134,1,-1,-1,-1
296,45771,570,329,140,133,1,-1,-1,-1
297,45771,570,331,139,132,1,-1,-1,-1
298,45771,570,332,139,133,1,-1,-1,-1
299,45771,570,334,139,132,1,-1,-1,-1
300,45771,570,335,139,132,1,-1,-1,-1
301,45771,570,336,139,132,1,-1,-1,-1
302,45771,570,336,139,132,1,-1,-1,-1
303,45771,570,335,139,133,1,-1,-1,-1
304,45771,570,334,139,133,1,-1,-1,-1
305,45771,570,334,139,132,1,-1,-1,-1
306,45771,570,333,139,132,1,-1,-1,-1
307,45790,708,364,9,14,1,-1,-1,-1
307,45771,570,333,139,132,1,-1,-1,-1
308,45790,708,362,11,16,1,-1,-1,-1
308,45771,570,333,139,132,1,-1,-1,-1
309,45790,708,361,12,17,1,-1,-1,-1
309,45771,570,334,139,131,1,-1,-1,-1
310,45790,708,359,12,20,1,-1,-1,-1
310,45771,570,334,139,132,1,-1,-1,-1
311,45790,708,358,12,22,1,-1,-1,-1
311,45771,570,335,139,131,1,-1,-1,-1
312,45790,708,358,13,22,1,-1,-1,-1
312,45771,570,335,139,132,1,-1,-1,-1
313,45790,708,357,13,23,1,-1,-1,-1
313,45771,570,335,139,132,1,-1,-1,-1
314,45790,708,356,13,25,1,-1,-1,-1
314,45771,570,335,139,132,1,-1,-1,-1
315,45790,708,357,14,24,1,-1,-1,-1
315,45771,570,336,139,132,1,-1,-1,-1
316,45790,709,357,13,24,1,-1,-1,-1
316,45771,570,336,139,133,1,-1,-1,-1
317,45790,709,357,14,24,1,-1,-1,-1
317,45771,569,336,141,134,1,-1,-1,-1
318,45790,709,358,14,22,1,-1,-1,-1
318,45771,569,337,141,134,1,-1,-1,-1
319,45790,710,358,13,22,1,-1,-1,-1
319,45771,569,337,142,134,1,-1,-1,-1
320,45790,710,356,14,22,1,-1,-1,-1
320,45771,568,334,143,136,1,-1,-1,-1
321,45790,710,351,14,23,1,-1,-1,-1
321,45771,569,330,142,135,1,-1,-1,-1
322,45790,709,348,15,23,1,-1,-1,-1
322,45771,569,328,141,133,1,-1,-1,-1
323,45790,709,348,16,23,1,-1,-1,-1
323,45771,570,328,140,133,1,-1,-1,-1
324,45790,709,349,16,23,1,-1,-1,-1
324,45771,570,328,139,133,1,-1,-1,-1
324,45700,0,590,47,126,1,-1,-1,-1
325,45790,708,350,17,23,1,-1,-1,-1
325,45771,570,330,139,132,1,-1,-1,-1
325,45700,0,536,83,182,1,-1,-1,-1
326,45790,708,352,17,23,1,-1,-1,-1
326,45771,570,331,139,132,1,-1,-1,-1
326,45700,0,511,113,208,1,-1,-1,-1
327,45790,708,353,18,23,1,-1,-1,-1
327,45771,571,333,138,131,1,-1,-1,-1
327,45700,0,412,139,306,1,-1,-1,-1
328,45790,708,355,18,23,1,-1,-1,-1
328,45771,571,334,138,132,1,-1,-1,-1
328,45700,0,402,160,299,1,-1,-1,-1
329,45790,708,356,18,23,1,-1,-1,-1
329,45771,571,336,138,131,1,-1,-1,-1
329,45700,0,401,179,318,1,-1,-1,-1
330,45790,708,357,19,23,1,-1,-1,-1
330,45771,571,336,138,132,1,-1,-1,-1
330,45700,0,400,195,319,1,-1,-1,-1
331,45790,708,358,19,23,1,-1,-1,-1
331,45771,570,337,139,132,1,-1,-1,-1
331,45700,0,400,210,312,1,-1,-1,-1
332,45790,708,358,20,24,1,-1,-1,-1
332,45771,570,338,139,132,1,-1,-1,-1
332,45700,1,399,221,300,1,-1,-1,-1
333,45790,709,359,19,23,1,-1,-1,-1
333,45771,570,338,140,133,1,-1,-1,-1
333,45700,25,399,207,288,1,-1,-1,-1
334,45820,357,366,9,20,1,-1,-1,-1
334,45790,709,359,20,24,1,-1,-1,-1
334,45771,569,338,141,134,1,-1,-1,-1
334,45700,46,398,195,279,1,-1,-1,-1
335,45820,355,365,14,21,1,-1,-1,-1
335,45790,710,359,19,23,1,-1,-1,-1
335,45771,569,338,142,134,1,-1,-1,-1
335,45700,65,397,185,270,1,-1,-1,-1
336,45820,354,362,18,22,1,-1,-1,-1
336,45790,710,356,20,24,1,-1,-1,-1
336,45771,568,335,143,135,1,-1,-1,-1
336,45700,87,393,174,261,1,-1,-1,-1
337,45820,353,357,23,23,1,-1,-1,-1
337,45790,710,352,20,24,1,-1,-1,-1
337,45771,569,331,142,135,1,-1,-1,-1
337,45700,116,388,158,246,1,-1,-1,-1
338,45820,352,353,27,22,1,-1,-1,-1
338,45790,709,347,21,24,1,-1,-1,-1
338,45771,569,326,141,134,1,-1,-1,-1
338,45700,149,381,142,232,1,-1,-1,-1
339,45820,352,350,31,22,1,-1,-1,-1
339,45790,709,344,21,24,1,-1,-1,-1
339,45771,570,324,139,132,1,-1,-1,-1
339,45700,181,377,127,217,1,-1,-1,-1
340,45820,351,351,35,22,1,-1,-1,-1
340,45790,708,345,22,24,1,-1,-1,-1
340,45771,571,325,137,131,1,-1,-1,-1
340,45700,208,377,114,205,1,-1,-1,-1
341,45820,351,353,39,22,1,-1,-1,-1
341,45790,707,347,24,24,1,-1,-1,-1
341,45771,571,328,137,130,1,-1,-1,-1
341,45700,230,378,104,194,1,-1,-1,-1
342,45820,350,355,43,23,1,-1,-1,-1
342,45790,707,350,24,24,1,-1,-1,-1
342,45771,572,330,136,129,1,-1,-1,-1
342,45700,249,379,96,186,1,-1,-1,-1
343,45820,349,357,47,23,1,-1,-1,-1
343,45790,706,352,25,24,1,-1,-1,-1
343,45771,572,332,135,129,1,-1,-1,-1
343,45700,265,380,89,178,1,-1,-1,-1
344,45820,348,358,50,24,1,-1,-1,-1
344,45790,706,353,26,25,1,-1,-1,-1
344,45771,573,334,134,128,1,-1,-1,-1
344,45700,279,381,83,172,1,-1,-1,-1
345,45820,347,360,53,23,1,-1,-1,-1
345,45790,706,355,26,24,1,-1,-1,-1
345,45771,573,336,134,127,1,-1,-1,-1
345,45700,292,382,78,166,1,-1,-1,-1
346,45820,346,361,55,24,1,-1,-1,-1
346,45790,706,356,26,24,1,-1,-1,-1
346,45771,573,337,133,127,1,-1,-1,-1
346,45700,303,382,73,161,1,-1,-1,-1
347,45820,345,361,55,25,1,-1,-1,-1
347,45790,706,357,27,25,1,-1,-1,-1
347,45771,573,338,133,127,1,-1,-1,-1
347,45700,312,383,70,156,1,-1,-1,-1
348,45820,343,362,57,25,1,-1,-1,-1
348,45790,706,358,27,24,1,-1,-1,-1
348,45771,573,339,133,127,1,-1,-1,-1
348,45700,320,383,67,153,1,-1,-1,-1
349,45820,342,362,57,25,1,-1,-1,-1
349,45790,706,358,28,26,1,-1,-1,-1
349,45771,573,339,133,128,1,-1,-1,-1
349,45700,328,383,64,150,1,-1,-1,-1
350,45820,340,363,58,25,1,-1,-1,-1
350,45790,706,359,28,25,1,-1,-1,-1
350,45771,573,340,133,127,1,-1,-1,-1
350,45700,334,384,62,146,1,-1,-1,-1
351,45820,339,364,58,24,1,-1,-1,-1
351,45790,706,359,29,26,1,-1,-1,-1
351,45771,573,340,134,128,1,-1,-1,-1
351,45700,340,384,60,143,1,-1,-1,-1
352,45820,338,364,58,25,1,-1,-1,-1
352,45790,706,359,29,26,1,-1,-1,-1
352,45771,573,340,134,128,1,-1,-1,-1
352,45700,345,383,58,142,1,-1,-1,-1
353,45820,336,365,58,24,1,-1,-1,-1
353,45790,706,359,30,26,1,-1,-1,-1
353,45771,572,340,135,129,1,-1,-1,-1
353,45700,350,383,56,139,1,-1,-1,-1
354,45820,335,364,56,24,1,-1,-1,-1
354,45790,706,359,30,25,1,-1,-1,-1
354,45771,572,340,135,128,1,-1,-1,-1
354,45700,354,382,55,137,1,-1,-1,-1
355,45820,335,364,53,23,1,-1,-1,-1
355,45790,706,357,31,27,1,-1,-1,-1
355,45771,572,339,135,128,1,-1,-1,-1
355,45700,359,381,53,135,1,-1,-1,-1
356,45820,334,361,51,24,1,-1,-1,-1
356,45790,706,355,32,27,1,-1,-1,-1
356,45771,572,336,135,128,1,-1,-1,-1
356,45700,364,378,51,132,1,-1,-1,-1
357,45820,334,359,48,24,1,-1,-1,-1
357,45790,706,353,32,27,1,-1,-1,-1
357,45771,573,334,133,127,1,-1,-1,-1
357,45700,370,376,49,129,1,-1,-1,-1
358,45820,333,358,60,24,1,-1,-1,-1
358,45790,706,352,33,27,1,-1,-1,-1
358,45771,573,333,133,127,1,-1,-1,-1
358,45700,376,375,47,126,1,-1,-1,-1
359,45820,333,358,60,24,1,-1,-1,-1
359,45790,705,352,34,28,1,-1,-1,-1
359,45771,573,333,133,127,1,-1,-1,-1
359,45700,381,375,46,123,1,-1,-1,-1
360,45820,333,359,60,24,1,-1,-1,-1
360,45790,705,352,35,29,1,-1,-1,-1
360,45771,574,334,132,126,1,-1,-1,-1
360,45700,386,375,44,121,1,-1,-1,-1
360,45695,571,368,3,21,1,-1,-1,-1
361,45820,332,359,61,25,1,-1,-1,-1
361,45790,705,353,35,29,1,-1,-1,-1
361,45771,574,335,131,126,1,-1,-1,-1
361,45700,390,375,43,120,1,-1,-1,-1
361,45695,571,368,3,22,1,-1,-1,-1
362,45820,332,360,61,25,1,-1,-1,-1
362,45790,705,354,36,29,1,-1,-1,-1
362,45771,574,335,132,127,1,-1,-1,-1
362,45700,394,376,42,117,1,-1,-1,-1
362,45695,570,367,4,24,1,-1,-1,-1
363,45820,332,361,61,25,1,-1,-1,-1
363,45790,705,355,36,29,1,-1,-1,-1
363,45771,573,336,133,127,1,-1,-1,-1
363,45700,397,376,42,116,1,-1,-1,-1
363,45695,570,366,4,31,1,-1,-1,-1
364,45820,332,362,61,25,1,-1,-1,-1
364,45790,706,356,36,29,1,-1,-1,-1
364,45771,573,337,133,127,1,-1,-1,-1
364,45700,400,377,41,114,1,-1,-1,-1
364,45695,569,367,5,32,1,-1,-1,-1
365,45820,331,362,63,25,1,-1,-1,-1
365,45790,706,356,37,29,1,-1,-1,-1
365,45771,573,337,134,128,1,-1,-1,-1
365,45700,403,377,40,113,1,-1,-1,-1
365,45695,569,367,4,32,1,-1,-1,-1
366,45820,331,362,63,25,1,-1,-1,-1
366,45790,706,356,37,29,1,-1,-1,-1
366,45771,572,336,135,129,1,-1,-1,-1
366,45700,406,377,39,111,1,-1,-1,-1
366,45695,568,367,5,32,1,-1,-1,-1
367,45820,331,361,63,25,1,-1,-1,-1
367,45790,707,355,37,29,1,-1,-1,-1
367,45771,572,335,136,130,1,-1,-1,-1
367,45700,409,376,39,109,1,-1,-1,-1
367,45695,568,366,4,32,1,-1,-1,-1
368,45820,331,358,63,25,1,-1,-1,-1
368,45790,707,351,38,30,1,-1,-1,-1
368,45771,571,332,137,131,1,-1,-1,-1
368,45700,413,372,38,108,1,-1,-1,-1
368,45695,567,363,5,33,1,-1,-1,-1
369,45820,331,353,63,26,1,-1,-1,-1
369,45790,707,347,38,30,1,-1,-1,-1
369,45771,572,328,136,130,1,-1,-1,-1
369,45700,418,368,37,105,1,-1,-1,-1
369,45695,567,358,5,33,1,-1,-1,-1
370,45820,332,349,63,26,1,-1,-1,-1
370,45790,707,343,38,30,1,-1,-1,-1
370,45771,572,324,135,129,1,-1,-1,-1
370,45700,424,363,36,102,1,-1,-1,-1
370,45695,567,354,6,33,1,-1,-1,-1
371,45820,332,348,64,26,1,-1,-1,-1
371,45790,706,342,39,31,1,-1,-1,-1
371,45771,573,324,133,127,1,-1,-1,-1
371,45700,430,362,35,99,1,-1,-1,-1
371,45695,567,354,6,33,1,-1,-1,-1
372,45820,333,350,63,26,1,-1,-1,-1
372,45790,705,344,41,30,1,-1,-1,-1
372,45771,573,326,133,126,1,-1,-1,-1
372,45700,435,363,33,97,1,-1,-1,-1
372,45695,566,355,8,33,1,-1,-1,-1
373,45820,333,352,64,26,1,-1,-1,-1
373,45790,705,346,41,30,1,-1,-1,-1
373,45771,574,328,131,126,1,-1,-1,-1
373,45700,440,365,32,94,1,-1,-1,-1
373,45695,566,358,8,33,1,-1,-1,-1
374,45820,349,355,48,25,1,-1,-1,-1
374,45790,704,348,42,31,1,-1,-1,-1
374,45771,574,331,131,125,1,-1,-1,-1
374,45700,445,367,31,92,1,-1,-1,-1
374,45695,566,360,9,33,1,-1,-1,-1
375,45820,347,357,51,26,1,-1,-1,-1
375,45790,704,350,43,31,1,-1,-1,-1
375,45771,575,333,130,124,1,-1,-1,-1
375,45700,449,369,30,90,1,-1,-1,-1
375,45695,566,362,9,33,1,-1,-1,-1
376,45820,345,358,54,26,1,-1,-1,-1
376,45790,704,352,43,31,1,-1,-1,-1
376,45771,575,335,129,123,1,-1,-1,-1
376,45700,452,371,30,88,1,-1,-1,-1
376,45695,565,364,10,32,1,-1,-1,-1
377,45820,342,360,57,26,1,-1,-1,-1
377,45790,703,354,44,30,1,-1,-1,-1
377,45771,575,336,129,124,1,-1,-1,-1
377,45700,456,372,29,86,1,-1,-1,-1
377,45695,565,365,11,34,1,-1,-1,-1
378,45820,339,361,61,26,1,-1,-1,-1
378,45790,703,355,45,31,1,-1,-1,-1
378,45771,575,338,129,123,1,-1,-1,-1
378,45700,459,373,28,85,1,-1,-1,-1
378,45695,564,367,12,34,1,-1,-1,-1
379,45820,336,363,64,26,1,-1,-1,-1
379,45790,703,356,45,31,1,-1,-1,-1
379,45771,575,339,129,123,1,-1,-1,-1
379,45700,461,374,28,84,1,-1,-1,-1
379,45695,564,368,12,34,1,-1,-1,-1
380,45820,336,363,65,27,1,-1,-1,-1
380,45790,703,357,46,31,1,-1,-1,-1
380,45771,575,340,129,123,1,-1,-1,-1
380,45700,464,375,27,82,1,-1,-1,-1
380,45695,564,369,12,34,1,-1,-1,-1
381,45820,337,364,65,26,1,-1,-1,-1
381,45790,703,358,47,31,1,-1,-1,-1
381,45771,575,340,129,123,1,-1,-1,-1
381,45700,466,375,27,82,1,-1,-1,-1
381,45695,563,369,13,35,1,-1,-1,-1
382,45820,337,365,65,26,1,-1,-1,-1
382,45790,704,358,46,31,1,-1,-1,-1
382,45771,575,340,129,124,1,-1,-1,-1
382,45700,468,376,27,80,1,-1,-1,-1
382,45695,562,370,13,34,1,-1,-1,-1
383,45820,337,365,66,26,1,-1,-1,-1
383,45790,704,358,47,32,1,-1,-1,-1
383,45771,575,341,130,124,1,-1,-1,-1
383,45700,470,376,26,79,1,-1,-1,-1
383,45695,562,370,13,35,1,-1,-1,-1
384,45820,338,365,66,27,1,-1,-1,-1
384,45790,704,359,48,31,1,-1,-1,-1
384,45771,574,341,131,125,1,-1,-1,-1
384,45700,471,376,27,79,1,-1,-1,-1
384,45695,561,371,13,35,1,-1,-1,-1
385,45820,338,365,66,27,1,-1,-1,-1
385,45790,705,359,48,32,1,-1,-1,-1
385,45771,574,341,131,126,1,-1,-1,-1
385,45700,473,376,26,78,1,-1,-1,-1
385,45695,561,371,12,35,1,-1,-1,-1
386,45820,338,365,67,27,1,-1,-1,-1
386,45790,705,358,48,32,1,-1,-1,-1
386,45771,573,340,133,127,1,-1,-1,-1
386,45700,474,376,26,77,1,-1,-1,-1
386,45695,560,370,13,37,1,-1,-1,-1
387,45820,339,364,67,27,1,-1,-1,-1
387,45790,706,357,48,33,1,-1,-1,-1
387,45771,573,339,133,128,1,-1,-1,-1
387,45700,475,375,26,77,1,-1,-1,-1
387,45695,559,370,14,36,1,-1,-1,-1
388,45820,339,363,68,27,1,-1,-1,-1
388,45790,706,356,49,32,1,-1,-1,-1
388,45771,572,338,135,128,1,-1,-1,-1
388,45700,477,373,25,76,1,-1,-1,-1
388,45695,558,368,14,37,1,-1,-1,-1
389,45820,340,361,68,27,1,-1,-1,-1
389,45790,706,354,50,33,1,-1,-1,-1
389,45771,572,336,135,128,1,-1,-1,-1
389,45700,479,371,25,76,1,-1,-1,-1
389,45695,558,366,13,38,1,-1,-1,-1
390,45820,341,359,68,28,1,-1,-1,-1
390,45790,706,353,51,32,1,-1,-1,-1
390,45771,572,334,135,129,1,-1,-1,-1
390,45700,480,370,25,74,1,-1,-1,-1
390,45695,557,365,14,37,1,-1,-1,-1
391,45820,342,359,69,28,1,-1,-1,-1
391,45790,707,352,50,33,1,-1,-1,-1
391,45771,572,334,135,129,1,-1,-1,-1
391,45700,482,369,25,74,1,-1,-1,-1
391,45695,556,365,14,37,1,-1,-1,-1
392,45820,343,359,69,28,1,-1,-1,-1
392,45790,707,352,51,33,1,-1,-1,-1
392,45771,572,334,136,130,1,-1,-1,-1
392,45700,483,369,25,73,1,-1,-1,-1
392,45695,556,365,14,38,1,-1,-1,-1
393,45820,344,360,70,28,1,-1,-1,-1
393,45790,707,353,52,33,1,-1,-1,-1
393,45771,571,334,137,131,1,-1,-1,-1
393,45700,485,370,24,72,1,-1,-1,-1
393,45695,555,366,14,38,1,-1,-1,-1
394,45820,345,361,70,28,1,-1,-1,-1
394,45790,708,354,52,33,1,-1,-1,-1
394,45771,571,335,137,131,1,-1,-1,-1
394,45700,486,371,24,71,1,-1,-1,-1
394,45695,554,367,14,38,1,-1,-1,-1
395,45820,346,361,66,29,1,-1,-1,-1
395,45790,708,354,53,34,1,-1,-1,-1
395,45771,570,336,139,131,1,-1,-1,-1
395,45700,487,371,23,72,1,-1,-1,-1
395,45695,553,367,15,38,1,-1,-1,-1
396,45820,348,361,70,29,1,-1,-1,-1
396,45790,708,354,54,34,1,-1,-1,-1
396,45771,570,335,139,133,1,-1,-1,-1
396,45700,486,371,24,72,1,-1,-1,-1
396,45695,553,367,14,40,1,-1,-1,-1
397,45820,349,360,71,29,1,-1,-1,-1
397,45790,709,353,54,34,1,-1,-1,-1
397,45771,570,334,139,133,1,-1,-1,-1
397,45700,486,370,24,72,1,-1,-1,-1
397,45695,552,366,14,39,1,-1,-1,-1
398,45820,351,356,71,29,1,-1,-1,-1
398,45790,709,349,54,34,1,-1,-1,-1
398,45771,570,330,139,133,1,-1,-1,-1
398,45700,485,366,24,73,1,-1,-1,-1
398,45695,551,362,15,40,1,-1,-1,-1
399,45820,353,352,71,29,1,-1,-1,-1
399,45790,708,345,56,34,1,-1,-1,-1
399,45771,571,326,138,131,1,-1,-1,-1
399,45700,484,362,24,73,1,-1,-1,-1
399,45695,551,358,15,40,1,-1,-1,-1
400,45820,356,351,71,29,1,-1,-1,-1
400,45790,707,344,57,34,1,-1,-1,-1
400,45771,571,326,137,130,1,-1,-1,-1
400,45700,484,361,24,73,1,-1,-1,-1
400,45695,551,357,14,41,1,-1,-1,-1
401,45820,358,352,72,29,1,-1,-1,-1
401,45790,707,345,58,34,1,-1,-1,-1
401,45771,572,327,135,129,1,-1,-1,-1
401,45700,484,362,24,73,1,-1,-1,-1
401,45695,550,358,15,41,1,-1,-1,-1
402,45820,361,354,71,29,1,-1,-1,-1
402,45790,706,347,59,34,1,-1,-1,-1
402,45771,573,329,133,128,1,-1,-1,-1
402,45700,483,364,25,73,1,-1,-1,-1
402,45695,550,360,15,41,1,-1,-1,-1
403,45820,363,356,72,29,1,-1,-1,-1
403,45790,705,348,61,35,1,-1,-1,-1
403,45771,573,331,133,127,1,-1,-1,-1
403,45700,483,366,25,73,1,-1,-1,-1
403,45695,549,362,15,41,1,-1,-1,-1
404,45820,365,358,72,29,1,-1,-1,-1
404,45790,705,350,62,35,1,-1,-1,-1
404,45771,574,333,131,126,1,-1,-1,-1
404,45700,483,368,24,73,1,-1,-1,-1
404,45695,549,364,15,41,1,-1,-1,-1
405,45820,368,359,72,30,1,-1,-1,-1
405,45790,704,352,63,35,1,-1,-1,-1
405,45771,574,335,131,125,1,-1,-1,-1
405,45700,482,370,25,73,1,-1,-1,-1
405,45695,548,365,15,42,1,-1,-1,-1
406,45820,370,361,73,30,1,-1,-1,-1
406,45790,704,353,64,35,1,-1,-1,-1
406,45771,575,337,130,124,1,-1,-1,-1
406,45700,481,371,25,74,1,-1,-1,-1
406,45695,547,367,16,42,1,-1,-1,-1
407,45820,373,362,72,30,1,-1,-1,-1
407,45790,704,354,65,36,1,-1,-1,-1
407,45771,575,338,129,124,1,-1,-1,-1
407,45700,480,372,25,75,1,-1,-1,-1
407,45695,546,368,16,43,1,-1,-1,-1
408,45820,375,363,71,30,1,-1,-1,-1
408,45790,703,355,67,36,1,-1,-1,-1
408,45771,575,339,129,123,1,-1,-1,-1
408,45700,479,373,25,75,1,-1,-1,-1
408,45695,546,369,15,43,1,-1,-1,-1
409,45820,377,363,68,31,1,-1,-1,-1
409,45790,703,356,68,36,1,-1,-1,-1
409,45771,575,339,129,124,1,-1,-1,-1
409,45700,478,374,25,75,1,-1,-1,-1
409,45695,545,370,16,43,1,-1,-1,-1
410,45820,385,364,69,31,1,-1,-1,-1
410,45790,703,357,69,35,1,-1,-1,-1
410,45771,575,340,129,124,1,-1,-1,-1
410,45700,477,374,25,77,1,-1,-1,-1
410,45695,544,370,16,44,1,-1,-1,-1
411,45820,382,364,74,31,1,-1,-1,-1
411,45790,704,357,69,36,1,-1,-1,-1
411,45771,575,340,129,124,1,-1,-1,-1
411,45700,475,375,26,77,1,-1,-1,-1
411,45695,543,371,16,44,1,-1,-1,-1
412,45820,384,364,75,31,1,-1,-1,-1
412,45790,704,357,70,36,1,-1,-1,-1
412,45771,574,340,131,125,1,-1,-1,-1
412,45700,474,375,26,78,1,-1,-1,-1
412,45695,542,371,16,45,1,-1,-1,-1
413,45820,387,364,75,31,1,-1,-1,-1
413,45790,704,356,71,37,1,-1,-1,-1
413,45771,574,339,131,126,1,-1,-1,-1
413,45700,472,375,26,78,1,-1,-1,-1
413,45695,541,371,16,45,1,-1,-1,-1
414,45820,389,363,75,32,1,-1,-1,-1
414,45790,705,356,72,36,1,-1,-1,-1
414,45771,573,338,133,127,1,-1,-1,-1
414,45700,470,374,27,80,1,-1,-1,-1
414,45695,540,370,17,46,1,-1,-1,-1
415,45820,391,362,76,32,1,-1,-1,-1
415,45790,706,355,72,37,1,-1,-1,-1
415,45771,573,337,133,128,1,-1,-1,-1
415,45700,469,374,27,80,1,-1,-1,-1
415,45695,539,369,17,47,1,-1,-1,-1
416,45820,394,362,76,32,1,-1,-1,-1
416,45790,706,354,73,37,1,-1,-1,-1
416,45771,572,336,135,129,1,-1,-1,-1
416,45700,467,373,27,81,1,-1,-1,-1
416,45695,537,369,18,47,1,-1,-1,-1
417,45820,396,362,76,32,1,-1,-1,-1
417,45790,707,354,73,37,1,-1,-1,-1
417,45771,572,336,136,130,1,-1,-1,-1
417,45700,466,373,27,82,1,-1,-1,-1
417,45695,536,369,18,47,1,-1,-1,-1
418,45820,399,361,75,33,1,-1,-1,-1
418,45790,708,354,74,37,1,-1,-1,-1
418,45771,571,336,137,131,1,-1,-1,-1
418,45700,464,373,28,82,1,-1,-1,-1
418,45695,535,368,18,48,1,-1,-1,-1
419,45820,401,361,75,33,1,-1,-1,-1
419,45790,708,353,75,38,1,-1,-1,-1
419,45771,570,335,139,132,1,-1,-1,-1
419,45700,462,373,28,83,1,-1,-1,-1
419,45695,534,368,18,49,1,-1,-1,-1
420,45820,404,360,78,33,1,-1,-1,-1
420,45790,709,352,75,39,1,-1,-1,-1
420,45771,570,334,140,134,1,-1,-1,-1
420,45700,461,372,28,84,1,-1,-1,-1
420,45695,533,368,18,49,1,-1,-1,-1
421,45820,407,359,78,32,1,-1,-1,-1
421,45790,709,351,77,39,1,-1,-1,-1
421,45771,569,333,141,134,1,-1,-1,-1
421,45700,459,371,29,85,1,-1,-1,-1
421,45695,531,367,19,49,1,-1,-1,-1
422,45820,410,357,79,33,1,-1,-1,-1
422,45790,710,349,77,39,1,-1,-1,-1
422,45771,569,331,141,135,1,-1,-1,-1
422,45700,458,369,29,86,1,-1,-1,-1
422,45695,530,365,19,50,1,-1,-1,-1
423,45820,414,356,79,33,1,-1,-1,-1
423,45790,710,348,78,38,1,-1,-1,-1
423,45771,569,329,142,135,1,-1,-1,-1
423,45700,457,368,29,85,1,-1,-1,-1
423,45695,529,363,19,51,1,-1,-1,-1
424,45820,424,354,73,33,1,-1,-1,-1
424,45790,710,346,79,39,1,-1,-1,-1
424,45771,569,328,141,134,1,-1,-1,-1
424,45700,457,366,29,86,1,-1,-1,-1
424,45695,528,361,19,52,1,-1,-1,-1
425,45820,423,353,79,34,1,-1,-1,-1
425,45790,709,345,81,39,1,-1,-1,-1
425,45771,569,327,141,134,1,-1,-1,-1
425,45700,457,365,29,86,1,-1,-1,-1
425,45695,528,361,19,51,1,-1,-1,-1
426,45820,427,353,80,34,1,-1,-1,-1
426,45790,709,345,81,39,1,-1,-1,-1
426,45771,570,328,140,132,1,-1,-1,-1
426,45700,457,365,29,86,1,-1,-1,-1
426,45695,527,361,19,52,1,-1,-1,-1
427,45820,432,354,80,34,1,-1,-1,-1
427,45790,709,345,82,40,1,-1,-1,-1
427,45771,570,328,139,132,1,-1,-1,-1
427,45700,457,366,29,85,1,-1,-1,-1
427,45695,526,361,20,53,1,-1,-1,-1
428,45820,437,354,80,34,1,-1,-1,-1
428,45790,708,346,84,39,1,-1,-1,-1
428,45771,571,329,138,131,1,-1,-1,-1
428,45700,457,366,29,86,1,-1,-1,-1
428,45695,525,362,20,52,1,-1,-1,-1
429,45820,442,355,80,34,1,-1,-1,-1
429,45790,707,347,86,39,1,-1,-1,-1
429,45771,571,330,137,130,1,-1,-1,-1
429,45700,458,367,29,85,1,-1,-1,-1
429,45695,525,363,19,53,1,-1,-1,-1
430,45820,448,356,79,34,1,-1,-1,-1
430,45790,707,348,87,39,1,-1,-1,-1
430,45771,572,331,135,129,1,-1,-1,-1
430,45700,458,368,29,85,1,-1,-1,-1
430,45695,524,364,20,53,1,-1,-1,-1
431,45820,453,357,77,35,1,-1,-1,-1
431,45790,706,349,88,40,1,-1,-1,-1
431,45771,572,332,135,129,1,-1,-1,-1
431,45700,458,369,29,85,1,-1,-1,-1
431,45695,523,365,20,54,1,-1,-1,-1
432,45820,459,358,80,35,1,-1,-1,-1
432,45790,706,350,89,40,1,-1,-1,-1
432,45771,573,334,133,127,1,-1,-1,-1
432,45700,459,370,28,85,1,-1,-1,-1
432,45695,522,366,20,54,1,-1,-1,-1
433,45820,465,360,80,34,1,-1,-1,-1
433,45790,705,351,91,40,1,-1,-1,-1
433,45771,573,335,133,127,1,-1,-1,-1
433,45700,459,371,28,85,1,-1,-1,-1
433,45695,521,367,21,55,1,-1,-1,-1
434,45820,472,361,79,35,1,-1,-1,-1
434,45790,705,352,93,41,1,-1,-1,-1
434,45771,574,336,132,126,1,-1,-1,-1
434,45700,459,372,28,86,1,-1,-1,-1
434,45695,520,369,20,55,1,-1,-1,-1
435,45820,477,362,80,35,1,-1,-1,-1
435,45790,705,353,94,41,1,-1,-1,-1
435,45771,574,338,131,125,1,-1,-1,-1
435,45700,458,373,29,86,1,-1,-1,-1
435,45695,519,370,21,56,1,-1,-1,-1
436,45820,482,363,81,35,1,-1,-1,-1
436,45790,706,354,94,41,1,-1,-1,-1
436,45771,574,338,131,126,1,-1,-1,-1
436,45700,458,374,29,86,1,-1,-1,-1
436,45695,518,371,20,56,1,-1,-1,-1
437,45820,487,363,82,36,1,-1,-1,-1
437,45790,706,355,95,41,1,-1,-1,-1
437,45771,574,339,131,125,1,-1,-1,-1
437,45700,457,375,29,86,1,-1,-1,-1
437,45695,516,371,21,57,1,-1,-1,-1
438,45820,493,364,82,36,1,-1,-1,-1
438,45790,706,355,97,42,1,-1,-1,-1
438,45771,574,339,131,126,1,-1,-1,-1
438,45700,456,376,29,87,1,-1,-1,-1
438,45695,515,372,21,58,1,-1,-1,-1
439,45820,499,364,76,37,1,-1,-1,-1
439,45790,707,356,98,41,1,-1,-1,-1
439,45771,574,340,131,126,1,-1,-1,-1
439,45700,454,376,29,88,1,-1,-1,-1
439,45695,513,373,22,58,1,-1,-1,-1
440,45820,505,365,69,36,1,-1,-1,-1
440,45790,707,356,99,42,1,-1,-1,-1
440,45771,574,340,132,126,1,-1,-1,-1
440,45700,452,377,29,89,1,-1,-1,-1
440,45695,511,373,22,60,1,-1,-1,-1
441,45820,512,364,62,37,1,-1,-1,-1
441,45790,708,356,99,42,1,-1,-1,-1
441,45771,573,340,133,127,1,-1,-1,-1
441,45700,450,377,30,90,1,-1,-1,-1
441,45695,509,373,23,61,1,-1,-1,-1
442,45820,521,364,53,37,1,-1,-1,-1
442,45790,708,355,100,43,1,-1,-1,-1
442,45771,573,339,133,127,1,-1,-1,-1
442,45700,447,376,31,91,1,-1,-1,-1
442,45695,507,372,23,62,1,-1,-1,-1
443,45820,525,362,48,38,1,-1,-1,-1
443,45790,709,354,100,43,1,-1,-1,-1
443,45771,573,337,134,129,1,-1,-1,-1
443,45700,445,375,31,92,1,-1,-1,-1
443,45695,506,371,23,63,1,-1,-1,-1
444,45820,531,359,42,38,1,-1,-1,-1
444,45790,709,350,101,43,1,-1,-1,-1
444,45771,573,334,134,128,1,-1,-1,-1
444,45700,443,372,31,93,1,-1,-1,-1
444,45695,504,368,24,63,1,-1,-1,-1
445,45820,538,354,36,38,1,-1,-1,-1
445,45790,709,345,102,44,1,-1,-1,-1
445,45771,573,330,133,127,1,-1,-1,-1
445,45700,442,367,32,93,1,-1,-1,-1
445,45695,503,364,24,63,1,-1,-1,-1
446,45820,546,352,28,38,1,-1,-1,-1
446,45790,710,343,101,43,1,-1,-1,-1
446,45771,574,327,131,126,1,-1,-1,-1
446,45700,441,365,32,94,1,-1,-1,-1
446,45695,502,361,24,64,1,-1,-1,-1
447,45820,553,352,22,39,1,-1,-1,-1
447,45790,710,343,102,44,1,-1,-1,-1
447,45771,574,328,131,125,1,-1,-1,-1
447,45700,439,366,33,95,1,-1,-1,-1
447,45695,501,362,24,64,1,-1,-1,-1
448,45820,560,354,15,38,1,-1,-1,-1
448,45790,710,345,103,44,1,-1,-1,-1
448,45771,575,330,129,124,1,-1,-1,-1
448,45700,437,367,33,96,1,-1,-1,-1
448,45695,500,363,24,65,1,-1,-1,-1
449,45790,710,347,103,44,1,-1,-1,-1
449,45771,575,332,129,124,1,-1,-1,-1
449,45700,435,369,34,97,1,-1,-1,-1
449,45695,499,365,24,66,1,-1,-1,-1
450,45790,711,349,103,44,1,-1,-1,-1
450,45771,575,334,129,123,1,-1,-1,-1
450,45700,433,371,33,98,1,-1,-1,-1
450,45695,497,367,25,66,1,-1,-1,-1
451,45790,711,350,104,45,1,-1,-1,-1
451,45771,575,335,129,124,1,-1,-1,-1
451,45700,430,373,33,99,1,-1,-1,-1
451,45695,496,369,25,67,1,-1,-1,-1
452,45790,711,351,105,45,1,-1,-1,-1
452,45771,575,337,129,123,1,-1,-1,-1
452,45700,427,374,34,102,1,-1,-1,-1
452,45695,494,370,25,68,1,-1,-1,-1
453,45790,712,352,105,45,1,-1,-1,-1
453,45771,575,338,129,124,1,-1,-1,-1
453,45700,423,376,35,102,1,-1,-1,-1
453,45695,492,372,26,68,1,-1,-1,-1
454,45790,712,353,106,46,1,-1,-1,-1
454,45771,575,338,130,125,1,-1,-1,-1
454,45700,419,377,36,104,1,-1,-1,-1
454,45695,490,373,26,69,1,-1,-1,-1
455,45790,713,354,107,46,1,-1,-1,-1
455,45771,574,339,131,125,1,-1,-1,-1
455,45700,415,378,37,106,1,-1,-1,-1
455,45695,488,373,26,71,1,-1,-1,-1
456,45790,713,354,108,46,1,-1,-1,-1
456,45771,574,339,132,127,1,-1,-1,-1
456,45700,411,379,38,109,1,-1,-1,-1
456,45695,485,374,27,72,1,-1,-1,-1
457,45820,706,367,12,30,1,-1,-1,-1
457,45790,714,355,108,46,1,-1,-1,-1
457,45771,573,339,133,128,1,-1,-1,-1
457,45700,405,379,39,113,1,-1,-1,-1
457,45695,483,375,27,73,1,-1,-1,-1
458,45820,706,365,21,40,1,-1,-1,-1
458,45790,716,354,108,47,1,-1,-1,-1
458,45771,572,339,135,129,1,-1,-1,-1
458,45700,399,380,41,115,1,-1,-1,-1
458,45695,480,375,28,74,1,-1,-1,-1
459,45820,707,364,29,41,1,-1,-1,-1
459,45790,717,354,108,47,1,-1,-1,-1
459,45771,572,338,136,130,1,-1,-1,-1
459,45700,392,379,43,119,1,-1,-1,-1
459,45695,477,374,29,76,1,-1,-1,-1
460,45820,707,363,38,42,1,-1,-1,-1
460,45790,717,353,110,47,1,-1,-1,-1
460,45771,571,337,137,131,1,-1,-1,-1
460,45700,385,379,45,122,1,-1,-1,-1
460,45695,474,374,29,77,1,-1,-1,-1
461,45820,708,362,46,42,1,-1,-1,-1
461,45790,718,352,110,48,1,-1,-1,-1
461,45771,571,337,138,131,1,-1,-1,-1
461,45700,378,379,47,125,1,-1,-1,-1
461,45695,471,373,29,79,1,-1,-1,-1
462,45820,708,360,56,43,1,-1,-1,-1
462,45790,718,350,111,49,1,-1,-1,-1
462,45771,570,335,139,132,1,-1,-1,-1
462,45700,370,378,50,129,1,-1,-1,-1
462,45695,468,372,30,80,1,-1,-1,-1
463,45820,709,359,64,43,1,-1,-1,-1
463,45790,719,349,112,48,1,-1,-1,-1
463,45771,570,333,139,133,1,-1,-1,-1
463,45700,362,376,53,133,1,-1,-1,-1
463,45695,465,370,31,82,1,-1,-1,-1
464,45820,709,357,74,44,1,-1,-1,-1
464,45790,719,347,113,49,1,-1,-1,-1
464,45771,570,332,140,132,1,-1,-1,-1
464,45700,355,375,55,137,1,-1,-1,-1
464,45695,462,369,32,83,1,-1,-1,-1
465,45820,709,355,83,44,1,-1,-1,-1
465,45790,720,345,113,50,1,-1,-1,-1
465,45771,570,330,140,133,1,-1,-1,-1
465,45700,348,374,57,140,1,-1,-1,-1
465,45695,460,367,32,85,1,-1,-1,-1
466,45820,709,354,93,44,1,-1,-1,-1
466,45790,720,344,114,49,1,-1,-1,-1
466,45771,570,328,140,133,1,-1,-1,-1
466,45700,342,373,59,142,1,-1,-1,-1
466,45695,458,366,32,86,1,-1,-1,-1
467,45820,711,353,100,44,1,-1,-1,-1
467,45790,721,343,114,49,1,-1,-1,-1
467,45771,570,327,139,133,1,-1,-1,-1
467,45700,337,372,61,145,1,-1,-1,-1
467,45695,456,365,33,86,1,-1,-1,-1
468,45820,720,353,101,44,1,-1,-1,-1
468,45790,719,343,117,49,1,-1,-1,-1
468,45771,570,327,139,133,1,-1,-1,-1
468,45700,332,373,62,147,1,-1,-1,-1
468,45695,454,365,33,87,1,-1,-1,-1
469,45820,728,353,102,45,1,-1,-1,-1
469,45790,719,343,117,50,1,-1,-1,-1
469,45771,570,328,139,132,1,-1,-1,-1
469,45700,326,373,65,150,1,-1,-1,-1
469,45695,452,366,34,88,1,-1,-1,-1
470,45820,737,354,103,45,1,-1,-1,-1
470,45790,719,344,108,51,1,-1,-1,-1
470,45771,570,329,139,132,1,-1,-1,-1
470,45700,320,375,67,152,1,-1,-1,-1
470,45695,450,367,34,89,1,-1,-1,-1
471,45820,746,355,104,45,1,-1,-1,-1
471,45790,720,345,90,51,1,-1,-1,-1
471,45771,570,330,139,132,1,-1,-1,-1
471,45700,314,376,69,155,1,-1,-1,-1
471,45695,448,368,34,90,1,-1,-1,-1
472,45820,755,356,105,45,1,-1,-1,-1
472,45790,720,346,101,50,1,-1,-1,-1
472,45771,570,330,139,133,1,-1,-1,-1
472,45700,308,377,71,158,1,-1,-1,-1
472,45695,446,369,35,91,1,-1,-1,-1
473,45820,764,356,102,46,1,-1,-1,-1
473,45790,720,346,109,51,1,-1,-1,-1
473,45771,570,331,139,132,1,-1,-1,-1
473,45700,301,378,74,161,1,-1,-1,-1
473,45695,444,369,35,93,1,-1,-1,-1
474,45820,773,357,94,46,1,-1,-1,-1
474,45790,721,346,109,52,1,-1,-1,-1
474,45771,571,332,138,131,1,-1,-1,-1
474,45700,294,379,77,164,1,-1,-1,-1
474,45695,442,370,36,93,1,-1,-1,-1
475,45820,783,357,86,47,1,-1,-1,-1
475,45790,721,347,110,51,1,-1,-1,-1
475,45771,571,332,137,131,1,-1,-1,-1
475,45700,287,380,80,168,1,-1,-1,-1
475,45695,440,371,36,94,1,-1,-1,-1
476,45820,792,358,79,46,1,-1,-1,-1
476,45790,721,348,111,51,1,-1,-1,-1
476,45771,571,333,137,131,1,-1,-1,-1
476,45700,279,381,83,171,1,-1,-1,-1
476,45695,438,372,36,95,1,-1,-1,-1
477,45820,802,359,70,47,1,-1,-1,-1
477,45790,722,349,91,51,1,-1,-1,-1
477,45771,571,334,137,131,1,-1,-1,-1
477,45700,271,382,86,176,1,-1,-1,-1
477,45695,435,373,37,96,1,-1,-1,-1
478,45820,811,360,64,47,1,-1,-1,-1
478,45790,722,349,102,53,1,-1,-1,-1
478,45771,571,335,137,130,1,-1,-1,-1
478,45700,261,384,90,180,1,-1,-1,-1
478,45695,433,374,37,98,1,-1,-1,-1
479,45820,821,361,56,47,1,-1,-1,-1
479,45790,723,350,110,53,1,-1,-1,-1
479,45771,571,336,137,130,1,-1,-1,-1
479,45700,249,385,96,185,1,-1,-1,-1
479,45695,429,375,38,99,1,-1,-1,-1
480,45820,831,361,48,48,1,-1,-1,-1
480,45790,723,351,113,53,1,-1,-1,-1
480,45771,571,336,137,131,1,-1,-1,-1
480,45700,237,386,101,192,1,-1,-1,-1
480,45695,426,376,39,101,1,-1,-1,-1
481,45820,841,362,41,48,1,-1,-1,-1
481,45790,724,351,118,53,1,-1,-1,-1
481,45771,571,337,138,131,1,-1,-1,-1
481,45700,222,387,108,198,1,-1,-1,-1
481,45695,423,376,39,103,1,-1,-1,-1
482,45820,851,362,34,48,1,-1,-1,-1
482,45790,724,351,125,54,1,-1,-1,-1
482,45771,570,337,139,132,1,-1,-1,-1
482,45700,207,388,114,206,1,-1,-1,-1
482,45695,419,377,39,105,1,-1,-1,-1
483,45820,861,362,27,47,1,-1,-1,-1
483,45790,725,352,126,54,1,-1,-1,-1
483,45771,570,337,139,133,1,-1,-1,-1
483,45700,188,390,123,213,1,-1,-1,-1
483,45695,414,378,41,107,1,-1,-1,-1
484,45820,872,363,19,46,1,-1,-1,-1
484,45790,725,352,127,54,1,-1,-1,-1
484,45771,569,337,141,134,1,-1,-1,-1
484,45700,167,391,133,224,1,-1,-1,-1
484,45695,410,378,41,110,1,-1,-1,-1
485,45820,882,364,13,40,1,-1,-1,-1
485,45790,726,352,128,55,1,-1,-1,-1
485,45771,568,337,143,136,1,-1,-1,-1
485,45700,143,393,145,234,1,-1,-1,-1
485,45695,404,379,43,112,1,-1,-1,-1
486,45790,727,353,129,55,1,-1,-1,-1
486,45771,567,337,145,137,1,-1,-1,-1
486,45700,114,394,160,248,1,-1,-1,-1
486,45695,399,380,43,115,1,-1,-1,-1
487,45790,727,352,131,56,1,-1,-1,-1
487,45771,566,337,147,138,1,-1,-1,-1
487,45700,82,396,176,263,1,-1,-1,-1
487,45695,393,380,45,118,1,-1,-1,-1
488,45790,728,352,131,56,1,-1,-1,-1
488,45771,565,336,149,140,1,-1,-1,-1
488,45700,46,397,195,279,1,-1,-1,-1
488,45695,386,380,47,121,1,-1,-1,-1
489,45790,729,350,132,57,1,-1,-1,-1
489,45771,565,334,150,142,1,-1,-1,-1
489,45700,6,398,218,297,1,-1,-1,-1
489,45695,380,379,47,124,1,-1,-1,-1
490,45790,729,349,134,57,1,-1,-1,-1
490,45771,564,333,152,143,1,-1,-1,-1
490,45700,0,398,206,316,1,-1,-1,-1
490,45695,373,378,49,128,1,-1,-1,-1
491,45790,730,347,135,58,1,-1,-1,-1
491,45771,563,331,153,144,1,-1,-1,-1
491,45700,0,399,187,320,1,-1,-1,-1
491,45695,366,377,51,131,1,-1,-1,-1
492,45790,731,346,135,58,1,-1,-1,-1
492,45771,562,330,155,145,1,-1,-1,-1
492,45700,0,400,168,307,1,-1,-1,-1
492,45695,359,376,53,134,1,-1,-1,-1
493,45790,731,345,137,59,1,-1,-1,-1
493,45771,562,329,155,146,1,-1,-1,-1
493,45700,0,402,149,317,1,-1,-1,-1
493,45695,352,376,56,137,1,-1,-1,-1
494,45790,732,345,137,59,1,-1,-1,-1
494,45771,561,329,157,146,1,-1,-1,-1
494,45700,0,484,127,235,1,-1,-1,-1
494,45695,345,376,58,141,1,-1,-1,-1
495,45790,733,345,138,59,1,-1,-1,-1
495,45771,561,329,157,147,1,-1,-1,-1
495,45700,0,516,104,181,1,-1,-1,-1
495,45695,338,377,60,144,1,-1,-1,-1
496,45790,733,346,140,59,1,-1,-1,-1
496,45771,560,329,159,148,1,-1,-1,-1
496,45700,0,541,77,176,1,-1,-1,-1
496,45695,329,378,65,148,1,-1,-1,-1
497,45790,734,347,140,60,1,-1,-1,-1
497,45771,560,330,159,149,1,-1,-1,-1
497,45700,0,595,46,124,1,-1,-1,-1
497,45695,320,379,67,153,1,-1,-1,-1
498,45790,735,347,141,61,1,-1,-1,-1
498,45771,559,330,161,150,1,-1,-1,-1
498,45695,310,380,71,157,1,-1,-1,-1
499,45790,735,347,143,61,1,-1,-1,-1
499,45771,559,330,161,151,1,-1,-1,-1
499,45695,300,381,75,162,1,-1,-1,-1
500,45790,736,346,144,62,1,-1,-1,-1
500,45771,558,329,163,152,1,-1,-1,-1
500,45695,289,381,79,167,1,-1,-1,-1
501,45790,737,345,145,62,1,-1,-1,-1
501,45771,558,328,163,152,1,-1,-1,-1
501,45695,279,381,83,171,1,-1,-1,-1
502,45790,737,345,146,62,1,-1,-1,-1
502,45771,558,327,163,153,1,-1,-1,-1
502,45695,268,381,88,176,1,-1,-1,-1
503,45790,738,344,147,63,1,-1,-1,-1
503,45771,558,327,164,153,1,-1,-1,-1
503,45695,258,380,92,182,1,-1,-1,-1
504,45790,738,343,149,64,1,-1,-1,-1
504,45771,557,326,165,154,1,-1,-1,-1
504,45695,248,381,96,186,1,-1,-1,-1
505,45790,739,343,149,64,1,-1,-1,-1
505,45771,557,326,165,154,1,-1,-1,-1
505,45695,237,381,101,191,1,-1,-1,-1
506,45790,740,344,150,64,1,-1,-1,-1
506,45771,557,326,166,155,1,-1,-1,-1
506,45695,226,382,110,196,1,-1,-1,-1
507,45790,741,344,151,65,1,-1,-1,-1
507,45771,556,327,167,155,1,-1,-1,-1
507,45696,722,390,6,27,1,-1,-1,-1
507,45695,213,383,112,202,1,-1,-1,-1
508,45790,742,345,152,65,1,-1,-1,-1
508,45771,556,327,167,156,1,-1,-1,-1
508,45696,722,388,11,31,1,-1,-1,-1
508,45695,200,385,117,208,1,-1,-1,-1
509,45790,743,346,153,65,1,-1,-1,-1
509,45771,555,328,169,157,1,-1,-1,-1
509,45696,723,374,15,46,1,-1,-1,-1
509,45695,185,386,124,216,1,-1,-1,-1
510,45790,745,346,154,66,1,-1,-1,-1
510,45771,554,328,171,159,1,-1,-1,-1
510,45696,723,373,22,48,1,-1,-1,-1
510,45695,169,388,132,222,1,-1,-1,-1
511,45790,746,346,156,67,1,-1,-1,-1
511,45771,554,328,172,160,1,-1,-1,-1
511,45696,724,373,27,48,1,-1,-1,-1
511,45695,153,389,140,230,1,-1,-1,-1
512,45790,748,346,157,66,1,-1,-1,-1
512,45771,553,327,174,162,1,-1,-1,-1
512,45696,725,372,32,50,1,-1,-1,-1
512,45695,136,389,148,238,1,-1,-1,-1
513,45790,750,345,158,67,1,-1,-1,-1
513,45771,552,326,176,163,1,-1,-1,-1
513,45696,726,372,37,50,1,-1,-1,-1
513,45695,119,389,157,246,1,-1,-1,-1
514,45790,752,344,160,68,1,-1,-1,-1
514,45771,550,325,179,165,1,-1,-1,-1
514,45696,727,371,42,51,1,-1,-1,-1
514,45695,102,389,165,254,1,-1,-1,-1
515,45790,754,344,161,68,1,-1,-1,-1
515,45771,549,324,181,167,1,-1,-1,-1
515,45696,733,371,42,51,1,-1,-1,-1
515,45695,85,390,174,261,1,-1,-1,-1
516,45790,755,344,161,68,1,-1,-1,-1
516,45771,548,323,183,170,1,-1,-1,-1
516,45696,739,371,43,51,1,-1,-1,-1
516,45695,67,391,184,269,1,-1,-1,-1
517,45790,756,344,162,69,1,-1,-1,-1
517,45771,546,323,187,172,1,-1,-1,-1
517,45696,745,371,44,51,1,-1,-1,-1
517,45695,49,392,194,277,1,-1,-1,-1
518,45790,756,344,164,70,1,-1,-1,-1
518,45771,544,323,191,175,1,-1,-1,-1
518,45696,751,372,45,51,1,-1,-1,-1
518,45695,28,393,205,287,1,-1,-1,-1
519,45790,757,344,165,71,1,-1,-1,-1
519,45771,542,323,195,179,1,-1,-1,-1
519,45724,1053,382,7,30,1,-1,-1,-1
519,45696,758,372,46,52,1,-1,-1,-1
519,45695,6,395,217,297,1,-1,-1,-1
520,45790,758,345,166,71,1,-1,-1,-1
520,45771,540,322,199,184,1,-1,-1,-1
520,45724,1059,383,8,30,1,-1,-1,-1
520,45696,765,373,46,52,1,-1,-1,-1
520,45695,0,396,213,309,1,-1,-1,-1
521,45790,758,345,168,71,1,-1,-1,-1
521,45771,538,322,204,187,1,-1,-1,-1
521,45724,1065,384,10,30,1,-1,-1,-1
521,45696,772,373,47,53,1,-1,-1,-1
521,45695,0,398,202,319,1,-1,-1,-1
522,45790,759,345,169,71,1,-1,-1,-1
522,45771,536,321,208,192,1,-1,-1,-1
522,45724,1071,383,12,31,1,-1,-1,-1
522,45696,779,373,48,53,1,-1,-1,-1
522,45695,0,399,191,320,1,-1,-1,-1
523,45790,760,344,170,72,1,-1,-1,-1
523,45771,534,320,212,196,1,-1,-1,-1
523,45724,1077,379,14,35,1,-1,-1,-1
523,45696,787,373,47,53,1,-1,-1,-1
523,45695,0,399,181,320,1,-1,-1,-1
524,45790,761,344,172,73,1,-1,-1,-1
524,45771,532,319,216,200,1,-1,-1,-1
524,45724,1083,378,15,37,1,-1,-1,-1
524,45696,794,372,48,54,1,-1,-1,-1
524,45695,0,400,170,309,1,-1,-1,-1
525,45790,762,343,173,74,1,-1,-1,-1
525,45771,530,318,220,204,1,-1,-1,-1
525,45724,1089,374,17,41,1,-1,-1,-1
525,45696,802,372,49,55,1,-1,-1,-1
525,45695,0,401,158,288,1,-1,-1,-1
526,45790,763,343,174,74,1,-1,-1,-1
526,45771,528,318,224,207,1,-1,-1,-1
526,45724,1095,374,20,42,1,-1,-1,-1
526,45696,810,373,49,54,1,-1,-1,-1
526,45695,0,404,146,300,1,-1,-1,-1
527,45790,763,344,176,74,1,-1,-1,-1
527,45771,526,318,228,210,1,-1,-1,-1
527,45724,1077,374,46,42,1,-1,-1,-1
527,45696,818,373,49,55,1,-1,-1,-1
527,45695,0,470,134,230,1,-1,-1,-1
528,45790,764,344,177,75,1,-1,-1,-1
528,45771,523,317,234,215,1,-1,-1,-1
528,45724,1081,375,52,42,1,-1,-1,-1
528,45696,827,374,49,55,1,-1,-1,-1
528,45695,0,503,120,185,1,-1,-1,-1
529,45790,765,344,179,76,1,-1,-1,-1
529,45771,521,317,238,219,1,-1,-1,-1
529,45724,1084,375,59,43,1,-1,-1,-1
529,45696,835,374,50,56,1,-1,-1,-1
529,45695,0,517,105,182,1,-1,-1,-1
530,45790,766,344,180,76,1,-1,-1,-1
530,45771,519,316,242,223,1,-1,-1,-1
530,45724,1087,375,67,43,1,-1,-1,-1
530,45696,844,374,50,57,1,-1,-1,-1
530,45695,0,524,90,186,1,-1,-1,-1
531,45790,767,344,181,76,1,-1,-1,-1
531,45771,516,315,248,227,1,-1,-1,-1
531,45724,1090,375,70,43,1,-1,-1,-1
531,45696,853,374,51,57,1,-1,-1,-1
531,45695,0,545,75,174,1,-1,-1,-1
532,45790,768,343,183,77,1,-1,-1,-1
532,45771,514,313,252,232,1,-1,-1,-1
532,45724,1094,382,69,36,1,-1,-1,-1
532,45696,862,374,52,57,1,-1,-1,-1
532,45695,0,589,61,130,1,-1,-1,-1
533,45790,769,343,184,78,1,-1,-1,-1
533,45771,512,312,256,236,1,-1,-1,-1
533,45724,1097,383,70,35,1,-1,-1,-1
533,45696,871,373,53,58,1,-1,-1,-1
533,45695,0,595,46,124,1,-1,-1,-1
534,45790,770,342,185,79,1,-1,-1,-1
534,45771,510,312,260,239,1,-1,-1,-1
534,45724,1100,381,71,38,1,-1,-1,-1
534,45696,880,373,53,59,1,-1,-1,-1
534,45695,0,603,31,111,1,-1,-1,-1
535,45790,771,342,187,80,1,-1,-1,-1
535,45771,508,311,264,243,1,-1,-1,-1
535,45724,1103,379,72,41,1,-1,-1,-1
535,45696,890,374,53,59,1,-1,-1,-1
536,45790,772,343,188,80,1,-1,-1,-1
536,45771,506,311,268,247,1,-1,-1,-1
536,45724,1107,377,72,44,1,-1,-1,-1
536,45696,900,374,54,60,1,-1,-1,-1
537,45790,773,343,190,80,1,-1,-1,-1
537,45771,504,310,272,251,1,-1,-1,-1
537,45724,1111,376,73,46,1,-1,-1,-1
537,45696,910,375,54,60,1,-1,-1,-1
538,45790,774,343,192,81,1,-1,-1,-1
538,45771,501,309,278,256,1,-1,-1,-1
538,45724,1115,376,47,46,1,-1,-1,-1
538,45696,920,375,55,60,1,-1,-1,-1
539,45790,775,342,193,82,1,-1,-1,-1
539,45771,500,308,280,259,1,-1,-1,-1
539,45724,1118,375,53,47,1,-1,-1,-1
539,45696,930,374,56,61,1,-1,-1,-1
540,45790,777,341,192,82,1,-1,-1,-1
540,45771,498,307,284,262,1,-1,-1,-1
540,45724,1121,375,58,47,1,-1,-1,-1
540,45696,940,374,56,61,1,-1,-1,-1
541,45790,778,340,191,83,1,-1,-1,-1
541,45771,497,305,286,265,1,-1,-1,-1
541,45724,1124,374,63,47,1,-1,-1,-1
541,45696,951,373,56,62,1,-1,-1,-1
542,45790,779,339,195,84,1,-1,-1,-1
542,45771,496,304,288,266,1,-1,-1,-1
542,45724,1127,374,67,47,1,-1,-1,-1
542,45696,961,372,56,63,1,-1,-1,-1
543,45790,779,338,197,84,1,-1,-1,-1
543,45771,496,303,288,267,1,-1,-1,-1
543,45724,1129,373,72,47,1,-1,-1,-1
543,45696,971,371,57,63,1,-1,-1,-1
544,45790,778,335,199,84,1,-1,-1,-1
544,45771,497,301,286,264,1,-1,-1,-1
544,45724,1131,370,73,48,1,-1,-1,-1
544,45696,979,369,57,63,1,-1,-1,-1
545,45790,778,333,199,84,1,-1,-1,-1
545,45771,500,299,280,259,1,-1,-1,-1
545,45724,1130,367,74,48,1,-1,-1,-1
545,45696,987,366,57,63,1,-1,-1,-1
546,45790,778,333,199,84,1,-1,-1,-1
546,45771,502,300,275,254,1,-1,-1,-1
546,45724,1131,367,73,48,1,-1,-1,-1
546,45696,995,366,57,63,1,-1,-1,-1
547,45790,778,333,199,85,1,-1,-1,-1
547,45771,505,302,270,249,1,-1,-1,-1
547,45724,1131,368,73,48,1,-1,-1,-1
547,45696,1003,367,57,63,1,-1,-1,-1
548,45790,778,334,199,85,1,-1,-1,-1
548,45771,507,304,265,244,1,-1,-1,-1
548,45724,1131,369,73,48,1,-1,-1,-1
548,45696,1011,368,57,63,1,-1,-1,-1
549,45790,778,336,199,84,1,-1,-1,-1
549,45771,510,306,260,239,1,-1,-1,-1
549,45724,1131,370,73,48,1,-1,-1,-1
549,45696,1019,369,57,63,1,-1,-1,-1
550,45790,778,337,199,84,1,-1,-1,-1
550,45771,512,308,255,235,1,-1,-1,-1
550,45724,1131,371,73,48,1,-1,-1,-1
550,45696,1026,370,56,63,1,-1,-1,-1
551,45790,778,338,199,84,1,-1,-1,-1
551,45771,514,310,250,230,1,-1,-1,-1
551,45724,1131,372,73,48,1,-1,-1,-1
551,45696,1030,371,57,63,1,-1,-1,-1
552,45790,778,339,199,84,1,-1,-1,-1
552,45771,516,311,245,226,1,-1,-1,-1
552,45724,1131,373,73,48,1,-1,-1,-1
552,45696,1035,372,57,63,1,-1,-1,-1
552,45695,0,601,31,110,1,-1,-1,-1
553,45790,778,339,199,84,1,-1,-1,-1
553,45771,519,313,240,221,1,-1,-1,-1
553,45724,1130,374,73,47,1,-1,-1,-1
553,45696,1042,373,57,62,1,-1,-1,-1
553,45695,0,593,47,126,1,-1,-1,-1
554,45790,778,340,199,84,1,-1,-1,-1
554,45771,521,314,235,218,1,-1,-1,-1
554,45724,1131,374,73,48,1,-1,-1,-1
554,45696,1047,373,57,63,1,-1,-1,-1
554,45695,0,587,63,132,1,-1,-1,-1
555,45790,778,341,199,84,1,-1,-1,-1
555,45771,523,316,231,213,1,-1,-1,-1
555,45724,1131,375,74,48,1,-1,-1,-1
555,45696,1050,374,58,63,1,-1,-1,-1
555,45695,0,542,76,175,1,-1,-1,-1
556,45790,778,341,200,85,1,-1,-1,-1
556,45771,525,317,227,210,1,-1,-1,-1
556,45724,1132,376,74,48,1,-1,-1,-1
556,45696,1055,375,57,63,1,-1,-1,-1
556,45695,0,524,89,185,1,-1,-1,-1
557,45790,778,342,200,85,1,-1,-1,-1
557,45771,526,319,224,206,1,-1,-1,-1
557,45724,1132,377,75,48,1,-1,-1,-1
557,45696,1061,376,57,63,1,-1,-1,-1
557,45695,0,521,100,181,1,-1,-1,-1
558,45790,779,343,200,84,1,-1,-1,-1
558,45771,528,320,221,203,1,-1,-1,-1
558,45724,1133,378,77,48,1,-1,-1,-1
558,45696,1067,376,57,64,1,-1,-1,-1
558,45695,0,515,111,181,1,-1,-1,-1
559,45790,779,343,201,85,1,-1,-1,-1
559,45771,530,321,217,201,1,-1,-1,-1
559,45746,0,401,11,34,1,-1,-1,-1
559,45724,1134,378,77,48,1,-1,-1,-1
559,45696,1074,377,57,63,1,-1,-1,-1
559,45695,0,502,120,191,1,-1,-1,-1
560,45790,779,344,202,85,1,-1,-1,-1
560,45771,531,322,214,198,1,-1,-1,-1
560,45746,0,400,17,37,1,-1,-1,-1
560,45724,1135,379,77,48,1,-1,-1,-1
560,45696,1081,377,58,64,1,-1,-1,-1
560,45695,0,482,129,224,1,-1,-1,-1
561,45790,780,344,202,85,1,-1,-1,-1
561,45771,533,323,211,195,1,-1,-1,-1
561,45746,0,400,22,39,1,-1,-1,-1
561,45724,1137,379,77,48,1,-1,-1,-1
561,45696,1089,378,58,63,1,-1,-1,-1
561,45695,0,420,137,295,1,-1,-1,-1
562,45790,780,344,203,86,1,-1,-1,-1
562,45771,534,324,209,193,1,-1,-1,-1
562,45746,0,399,25,41,1,-1,-1,-1
562,45724,1140,379,77,49,1,-1,-1,-1
562,45696,1097,378,58,64,1,-1,-1,-1
562,45695,0,407,145,312,1,-1,-1,-1
563,45790,781,345,204,86,1,-1,-1,-1
563,45771,535,325,207,190,1,-1,-1,-1
563,45746,0,398,26,38,1,-1,-1,-1
563,45724,1143,380,76,49,1,-1,-1,-1
563,45696,1105,378,59,65,1,-1,-1,-1
563,45695,0,406,151,313,1,-1,-1,-1
564,45790,782,345,204,86,1,-1,-1,-1
564,45771,536,325,203,188,1,-1,-1,-1
564,45724,1144,380,78,49,1,-1,-1,-1
564,45696,1113,379,60,64,1,-1,-1,-1
564,45695,0,405,157,305,1,-1,-1,-1
565,45790,782,345,206,86,1,-1,-1,-1
565,45771,536,326,201,186,1,-1,-1,-1
565,45724,1147,380,77,49,1,-1,-1,-1
565,45696,1122,379,60,65,1,-1,-1,-1
565,45695,0,405,162,298,1,-1,-1,-1
566,45790,783,345,207,87,1,-1,-1,-1
566,45771,536,326,199,185,1,-1,-1,-1
566,45724,1153,380,74,50,1,-1,-1,-1
566,45696,1131,379,61,66,1,-1,-1,-1
566,45695,0,404,167,305,1,-1,-1,-1
567,45790,784,345,208,88,1,-1,-1,-1
567,45771,537,327,197,182,1,-1,-1,-1
567,45724,1152,381,79,50,1,-1,-1,-1
567,45696,1142,379,60,67,1,-1,-1,-1
567,45695,0,404,171,310,1,-1,-1,-1
568,45790,785,345,209,88,1,-1,-1,-1
568,45771,538,327,194,182,1,-1,-1,-1
568,45724,1154,381,80,50,1,-1,-1,-1
568,45696,1153,380,61,67,1,-1,-1,-1
568,45695,0,404,173,313,1,-1,-1,-1
569,45790,785,345,212,89,1,-1,-1,-1
569,45771,538,328,193,180,1,-1,-1,-1
569,45724,1158,382,81,49,1,-1,-1,-1
569,45696,1164,380,62,68,1,-1,-1,-1
569,45695,0,404,175,315,1,-1,-1,-1
570,45790,787,345,213,90,1,-1,-1,-1
570,45771,539,328,192,179,1,-1,-1,-1
570,45724,1162,382,81,51,1,-1,-1,-1
570,45696,1177,381,62,68,1,-1,-1,-1
570,45695,0,405,176,314,1,-1,-1,-1
571,45790,788,346,215,90,1,-1,-1,-1
571,45771,541,329,190,178,1,-1,-1,-1
571,45724,1166,383,83,51,1,-1,-1,-1
571,45696,1190,381,63,69,1,-1,-1,-1
571,45695,0,405,176,314,1,-1,-1,-1
572,45790,789,346,218,91,1,-1,-1,-1
572,45771,542,329,192,178,1,-1,-1,-1
572,45724,1171,383,84,52,1,-1,-1,-1
572,45696,1204,382,63,69,1,-1,-1,-1
572,45695,0,405,175,314,1,-1,-1,-1
573,45790,791,346,220,93,1,-1,-1,-1
573,45771,542,330,196,177,1,-1,-1,-1
573,45724,1177,384,84,52,1,-1,-1,-1
573,45696,1218,383,61,70,1,-1,-1,-1
573,45695,0,406,173,313,1,-1,-1,-1
574,45790,792,346,223,94,1,-1,-1,-1
574,45771,542,330,201,177,1,-1,-1,-1
574,45724,1183,384,84,53,1,-1,-1,-1
574,45696,1234,383,45,71,1,-1,-1,-1
574,45695,0,406,170,309,1,-1,-1,-1
575,45790,794,346,226,95,1,-1,-1,-1
575,45771,543,330,206,177,1,-1,-1,-1
575,45724,1189,384,81,54,1,-1,-1,-1
575,45696,1251,384,28,72,1,-1,-1,-1
575,45695,0,407,166,302,1,-1,-1,-1
576,45790,796,345,229,97,1,-1,-1,-1
576,45771,544,329,211,178,1,-1,-1,-1
576,45724,1196,384,83,55,1,-1,-1,-1
576,45696,1268,408,11,49,1,-1,-1,-1
576,45695,0,407,162,292,1,-1,-1,-1
577,45790,798,345,232,97,1,-1,-1,-1
577,45771,546,329,216,177,1,-1,-1,-1
577,45724,1204,384,75,56,1,-1,-1,-1
577,45695,0,407,157,307,1,-1,-1,-1
578,45790,800,343,236,99,1,-1,-1,-1
578,45771,548,328,221,177,1,-1,-1,-1
578,45724,1211,384,68,56,1,-1,-1,-1
578,45695,0,407,153,312,1,-1,-1,-1
579,45790,802,342,239,101,1,-1,-1,-1
579,45771,551,327,227,177,1,-1,-1,-1
579,45724,1218,383,61,57,1,-1,-1,-1
579,45695,0,407,150,308,1,-1,-1,-1
580,45790,804,341,243,102,1,-1,-1,-1
580,45771,553,326,234,178,1,-1,-1,-1
580,45724,1226,383,53,57,1,-1,-1,-1
580,45695,0,407,146,312,1,-1,-1,-1
581,45790,806,340,247,104,1,-1,-1,-1
581,45771,557,325,241,178,1,-1,-1,-1
581,45724,1234,388,45,52,1,-1,-1,-1
581,45695,0,408,143,290,1,-1,-1,-1
582,45790,809,340,250,104,1,-1,-1,-1
582,45771,561,325,249,178,1,-1,-1,-1
582,45724,1243,390,36,50,1,-1,-1,-1
582,45695,0,411,141,289,1,-1,-1,-1
583,45790,811,339,254,106,1,-1,-1,-1
583,45771,565,324,258,179,1,-1,-1,-1
583,45724,1251,395,28,45,1,-1,-1,-1
583,45695,0,420,139,279,1,-1,-1,-1
584,45790,816,338,256,108,1,-1,-1,-1
584,45771,571,323,267,180,1,-1,-1,-1
584,45724,1259,395,20,46,1,-1,-1,-1
584,45695,0,427,138,277,1,-1,-1,-1
585,45790,830,336,248,110,1,-1,-1,-1
585,45771,577,322,278,180,1,-1,-1,-1
585,45724,1268,394,11,46,1,-1,-1,-1
585,45695,0,418,139,279,1,-1,-1,-1
586,45790,846,335,238,111,1,-1,-1,-1
586,45771,586,321,289,180,1,-1,-1,-1
586,45695,0,407,142,289,1,-1,-1,-1
587,45790,862,334,227,113,1,-1,-1,-1
587,45771,596,321,300,180,1,-1,-1,-1
587,45695,0,404,146,290,1,-1,-1,-1
588,45790,880,333,215,114,1,-1,-1,-1
588,45771,608,321,311,179,1,-1,-1,-1
588,45695,0,401,151,291,1,-1,-1,-1
589,45790,899,333,202,115,1,-1,-1,-1
589,45771,620,321,322,179,1,-1,-1,-1
589,45695,0,400,156,299,1,-1,-1,-1
590,45790,918,332,188,117,1,-1,-1,-1
590,45771,633,321,332,179,1,-1,-1,-1
590,45695,0,399,163,307,1,-1,-1,-1
591,45790,937,332,175,118,1,-1,-1,-1
591,45771,647,321,343,179,1,-1,-1,-1
591,45695,0,398,171,309,1,-1,-1,-1
592,45790,956,331,161,120,1,-1,-1,-1
592,45771,661,321,353,179,1,-1,-1,-1
592,45695,0,397,179,320,1,-1,-1,-1
593,45790,976,331,146,121,1,-1,-1,-1
593,45771,675,321,363,180,1,-1,-1,-1
593,45695,0,396,188,323,1,-1,-1,-1
594,45790,996,332,132,121,1,-1,-1,-1
594,45771,689,321,374,181,1,-1,-1,-1
594,45695,0,396,197,323,1,-1,-1,-1
595,45790,1017,333,116,122,1,-1,-1,-1
595,45771,704,322,384,182,1,-1,-1,-1
595,45695,0,396,208,321,1,-1,-1,-1
596,45790,1039,337,101,117,1,-1,-1,-1
596,45771,719,323,395,183,1,-1,-1,-1
596,45695,0,396,218,313,1,-1,-1,-1
597,45790,1062,348,84,93,1,-1,-1,-1
597,45771,735,324,407,184,1,-1,-1,-1
597,45695,0,396,229,306,1,-1,-1,-1
598,45771,752,324,418,187,1,-1,-1,-1
598,45695,8,395,227,300,1,-1,-1,-1
599,45771,769,324,431,188,1,-1,-1,-1
599,45695,24,395,219,292,1,-1,-1,-1
600,45771,786,324,444,190,1,-1,-1,-1
600,45695,42,393,209,286,1,-1,-1,-1
