1,46377,602,365,17,6,1,-1,-1,-1
1,46367,632,365,19,7,1,-1,-1,-1
1,46309,616,370,3,8,1,-1,-1,-1
1,46304,611,371,6,9,1,-1,-1,-1
1,46275,651,368,4,5,1,-1,-1,-1
2,46377,601,365,17,7,1,-1,-1,-1
2,46367,633,365,19,7,1,-1,-1,-1
2,46309,616,370,3,8,1,-1,-1,-1
2,46304,612,371,4,9,1,-1,-1,-1
2,46275,649,368,7,5,1,-1,-1,-1
3,46377,601,365,16,7,1,-1,-1,-1
3,46367,634,365,17,7,1,-1,-1,-1
3,46309,615,370,4,9,1,-1,-1,-1
3,46304,610,370,5,10,1,-1,-1,-1
3,46275,650,368,5,6,1,-1,-1,-1
4,46367,635,365,19,7,1,-1,-1,-1
4,46309,615,370,4,9,1,-1,-1,-1
4,46304,610,370,4,10,1,-1,-1,-1
4,46275,647,368,6,6,1,-1,-1,-1
5,46367,638,365,18,6,1,-1,-1,-1
5,46309,615,370,4,9,1,-1,-1,-1
5,46304,609,370,5,10,1,-1,-1,-1
5,46275,646,368,6,5,1,-1,-1,-1
6,46367,638,364,18,7,1,-1,-1,-1
6,46309,614,369,5,9,1,-1,-1,-1
6,46304,609,369,4,10,1,-1,-1,-1
6,46275,648,366,5,7,1,-1,-1,-1
7,46367,639,363,17,7,1,-1,-1,-1
7,46309,615,368,4,9,1,-1,-1,-1
7,46304,608,368,5,10,1,-1,-1,-1
7,46275,645,365,7,7,1,-1,-1,-1
8,46377,595,362,15,7,1,-1,-1,-1
8,46367,640,362,15,7,1,-1,-1,-1
8,46309,615,368,3,8,1,-1,-1,-1
8,46304,608,367,5,10,1,-1,-1,-1
8,46275,644,365,7,6,1,-1,-1,-1
9,46309,614,367,5,9,1,-1,-1,-1
9,46304,607,366,5,11,1,-1,-1,-1
9,46275,643,364,7,6,1,-1,-1,-1
10,46309,614,366,4,9,1,-1,-1,-1
10,46304,607,366,5,11,1,-1,-1,-1
10,46275,642,364,7,6,1,-1,-1,-1
11,46309,613,366,5,9,1,-1,-1,-1
11,46304,608,365,3,11,1,-1,-1,-1
11,46275,642,363,6,6,1,-1,-1,-1
12,46309,614,366,4,9,1,-1,-1,-1
12,46304,606,365,6,11,1,-1,-1,-1
12,46275,643,362,5,7,1,-1,-1,-1
13,46309,613,366,5,9,1,-1,-1,-1
13,46304,606,365,5,11,1,-1,-1,-1
13,46275,641,362,6,7,1,-1,-1,-1
14,46377,585,359,16,7,1,-1,-1,-1
14,46309,613,365,5,9,1,-1,-1,-1
14,46304,606,365,5,10,1,-1,-1,-1
14,46275,640,362,6,6,1,-1,-1,-1
15,46377,584,359,17,7,1,-1,-1,-1
15,46309,613,365,5,9,1,-1,-1,-1
15,46304,606,364,4,12,1,-1,-1,-1
15,46275,638,362,7,6,1,-1,-1,-1
16,46377,583,359,16,7,1,-1,-1,-1
16,46309,613,365,4,9,1,-1,-1,-1
16,46304,605,364,5,11,1,-1,-1,-1
16,46275,637,361,7,7,1,-1,-1,-1
17,46309,613,364,4,10,1,-1,-1,-1
17,46304,605,364,6,11,1,-1,-1,-1
17,46275,639,361,3,6,1,-1,-1,-1
18,46309,612,365,5,9,1,-1,-1,-1
18,46304,605,364,5,12,1,-1,-1,-1
18,46275,635,362,7,6,1,-1,-1,-1
19,46309,612,365,5,10,1,-1,-1,-1
19,46304,605,364,5,12,1,-1,-1,-1
19,46275,634,362,7,6,1,-1,-1,-1
20,46309,612,365,5,9,1,-1,-1,-1
20,46304,605,364,4,12,1,-1,-1,-1
20,46275,633,361,7,7,1,-1,-1,-1
21,46309,612,364,4,10,1,-1,-1,-1
21,46304,605,364,4,12,1,-1,-1,-1
21,46275,635,361,3,6,1,-1,-1,-1
22,46309,611,364,6,10,1,-1,-1,-1
22,46304,604,364,6,12,1,-1,-1,-1
22,46275,632,361,5,7,1,-1,-1,-1
23,46309,611,364,5,10,1,-1,-1,-1
23,46304,604,364,6,11,1,-1,-1,-1
23,46275,630,361,7,6,1,-1,-1,-1
24,46309,611,364,5,10,1,-1,-1,-1
24,46304,604,363,5,12,1,-1,-1,-1
24,46275,630,360,6,7,1,-1,-1,-1
25,46309,611,364,5,10,1,-1,-1,-1
25,46304,604,363,5,12,1,-1,-1,-1
25,46275,630,360,5,7,1,-1,-1,-1
26,46309,610,364,6,10,1,-1,-1,-1
26,46304,603,363,6,13,1,-1,-1,-1
26,46275,626,360,7,6,1,-1,-1,-1
27,46309,610,364,6,10,1,-1,-1,-1
27,46304,603,364,6,12,1,-1,-1,-1
27,46275,625,361,6,6,1,-1,-1,-1
28,46309,610,364,5,10,1,-1,-1,-1
28,46304,604,364,4,12,1,-1,-1,-1
28,46275,626,361,4,6,1,-1,-1,-1
29,46318,658,362,5,5,1,-1,-1,-1
29,46309,610,364,5,10,1,-1,-1,-1
29,46304,603,364,5,12,1,-1,-1,-1
29,46275,624,361,5,6,1,-1,-1,-1
30,46318,657,362,6,5,1,-1,-1,-1
30,46309,610,364,5,11,1,-1,-1,-1
30,46304,603,364,5,13,1,-1,-1,-1
30,46275,623,361,5,6,1,-1,-1,-1
31,46318,655,362,8,5,1,-1,-1,-1
31,46309,609,364,6,11,1,-1,-1,-1
31,46304,602,364,6,13,1,-1,-1,-1
31,46275,621,361,7,6,1,-1,-1,-1
32,46318,654,362,8,5,1,-1,-1,-1
32,46309,609,364,6,11,1,-1,-1,-1
32,46304,602,364,5,13,1,-1,-1,-1
32,46275,619,361,7,6,1,-1,-1,-1
33,46318,653,362,9,5,1,-1,-1,-1
33,46309,609,364,5,11,1,-1,-1,-1
33,46304,602,364,5,13,1,-1,-1,-1
33,46275,620,361,5,6,1,-1,-1,-1
34,46318,652,362,9,5,1,-1,-1,-1
34,46309,609,364,5,11,1,-1,-1,-1
34,46304,601,364,7,13,1,-1,-1,-1
34,46275,618,361,5,7,1,-1,-1,-1
35,46318,651,363,9,5,1,-1,-1,-1
35,46309,609,365,5,10,1,-1,-1,-1
35,46304,601,364,7,14,1,-1,-1,-1
35,46275,616,361,7,7,1,-1,-1,-1
36,46318,650,362,10,6,1,-1,-1,-1
36,46309,608,364,6,11,1,-1,-1,-1
36,46304,600,364,7,14,1,-1,-1,-1
36,46275,614,361,7,7,1,-1,-1,-1
37,46318,649,362,9,6,1,-1,-1,-1
37,46309,608,364,6,11,1,-1,-1,-1
37,46304,600,364,7,14,1,-1,-1,-1
37,46275,614,361,5,7,1,-1,-1,-1
38,46318,648,362,9,6,1,-1,-1,-1
38,46309,608,364,5,11,1,-1,-1,-1
38,46304,599,364,8,14,1,-1,-1,-1
38,46275,613,361,5,7,1,-1,-1,-1
39,46318,647,362,9,6,1,-1,-1,-1
39,46309,607,364,6,11,1,-1,-1,-1
39,46304,599,364,8,15,1,-1,-1,-1
39,46275,613,361,4,6,1,-1,-1,-1
40,46318,645,362,10,6,1,-1,-1,-1
40,46309,607,364,6,11,1,-1,-1,-1
40,46304,600,364,5,14,1,-1,-1,-1
40,46275,612,361,4,6,1,-1,-1,-1
41,46318,644,362,9,6,1,-1,-1,-1
41,46309,607,364,6,11,1,-1,-1,-1
41,46304,599,364,6,15,1,-1,-1,-1
41,46275,607,361,8,7,1,-1,-1,-1
42,46318,643,362,9,6,1,-1,-1,-1
42,46309,607,364,6,11,1,-1,-1,-1
42,46304,599,364,6,15,1,-1,-1,-1
42,46275,607,361,6,4,1,-1,-1,-1
43,46318,642,362,9,6,1,-1,-1,-1
43,46309,606,364,7,11,1,-1,-1,-1
43,46304,598,364,7,15,1,-1,-1,-1
44,46318,641,362,9,6,1,-1,-1,-1
44,46309,606,364,6,12,1,-1,-1,-1
44,46304,598,365,7,14,1,-1,-1,-1
44,46275,603,361,5,5,1,-1,-1,-1
45,46318,639,362,9,6,1,-1,-1,-1
45,46309,606,364,6,12,1,-1,-1,-1
45,46304,597,364,8,16,1,-1,-1,-1
46,46318,638,362,9,6,1,-1,-1,-1
46,46309,606,364,6,12,1,-1,-1,-1
46,46304,597,364,7,16,1,-1,-1,-1
47,46318,637,362,9,6,1,-1,-1,-1
47,46309,605,364,7,12,1,-1,-1,-1
47,46304,596,365,8,15,1,-1,-1,-1
48,46318,637,362,9,6,1,-1,-1,-1
48,46309,606,364,7,12,1,-1,-1,-1
48,46304,597,365,8,16,1,-1,-1,-1
49,46318,637,362,9,6,1,-1,-1,-1
49,46309,608,364,6,12,1,-1,-1,-1
49,46304,599,365,7,16,1,-1,-1,-1
50,46318,637,363,9,5,1,-1,-1,-1
50,46309,609,364,6,13,1,-1,-1,-1
50,46304,599,365,8,17,1,-1,-1,-1
51,46350,581,364,16,5,1,-1,-1,-1
51,46318,636,363,10,6,1,-1,-1,-1
51,46309,609,365,7,13,1,-1,-1,-1
51,46304,600,366,8,17,1,-1,-1,-1
51,46275,600,363,3,4,1,-1,-1,-1
52,46350,582,365,17,5,1,-1,-1,-1
52,46318,636,364,9,6,1,-1,-1,-1
52,46309,610,366,7,13,1,-1,-1,-1
52,46304,601,367,8,17,1,-1,-1,-1
53,46350,583,366,17,5,1,-1,-1,-1
53,46318,636,365,9,6,1,-1,-1,-1
53,46309,612,367,6,13,1,-1,-1,-1
53,46304,602,368,7,16,1,-1,-1,-1
54,46350,584,367,17,5,1,-1,-1,-1
54,46318,635,366,10,5,1,-1,-1,-1
54,46309,612,368,7,13,1,-1,-1,-1
54,46304,603,369,7,17,1,-1,-1,-1
55,46350,588,367,18,5,1,-1,-1,-1
55,46318,637,366,9,6,1,-1,-1,-1
55,46309,615,368,7,13,1,-1,-1,-1
55,46304,604,369,10,17,1,-1,-1,-1
56,46350,594,367,17,5,1,-1,-1,-1
56,46318,641,366,9,6,1,-1,-1,-1
56,46309,620,368,7,13,1,-1,-1,-1
56,46304,609,369,10,18,1,-1,-1,-1
57,46350,601,367,16,5,1,-1,-1,-1
57,46318,645,365,10,6,1,-1,-1,-1
57,46309,626,368,6,13,1,-1,-1,-1
57,46304,615,369,8,18,1,-1,-1,-1
58,46318,649,365,9,6,1,-1,-1,-1
58,46309,630,367,8,14,1,-1,-1,-1
58,46304,620,368,8,18,1,-1,-1,-1
59,46350,613,366,17,5,1,-1,-1,-1
59,46318,652,365,9,6,1,-1,-1,-1
59,46309,635,367,7,13,1,-1,-1,-1
59,46304,625,368,7,18,1,-1,-1,-1
60,46350,618,366,16,5,1,-1,-1,-1
60,46318,655,365,9,6,1,-1,-1,-1
60,46309,639,367,8,14,1,-1,-1,-1
60,46304,628,369,9,18,1,-1,-1,-1
60,46275,614,364,6,7,1,-1,-1,-1
61,46350,623,368,16,5,1,-1,-1,-1
61,46318,658,366,9,6,1,-1,-1,-1
61,46309,643,369,8,14,1,-1,-1,-1
61,46304,632,370,9,19,1,-1,-1,-1
61,46275,617,366,5,7,1,-1,-1,-1
62,46318,663,368,9,6,1,-1,-1,-1
62,46309,650,370,7,14,1,-1,-1,-1
62,46304,638,371,9,19,1,-1,-1,-1
62,46275,624,367,5,7,1,-1,-1,-1
63,46350,643,369,19,5,1,-1,-1,-1
63,46318,673,368,9,6,1,-1,-1,-1
63,46309,661,370,8,14,1,-1,-1,-1
63,46304,650,372,9,19,1,-1,-1,-1
63,46275,635,367,4,7,1,-1,-1,-1
64,46318,687,368,9,6,1,-1,-1,-1
64,46309,677,370,8,15,1,-1,-1,-1
64,46304,665,372,9,19,1,-1,-1,-1
64,46275,650,368,2,6,1,-1,-1,-1
65,46350,678,369,17,5,1,-1,-1,-1
65,46318,702,368,9,6,1,-1,-1,-1
65,46309,694,370,8,15,1,-1,-1,-1
65,46304,682,372,9,19,1,-1,-1,-1
66,46350,695,369,16,5,1,-1,-1,-1
66,46318,717,368,9,5,1,-1,-1,-1
66,46309,710,370,8,15,1,-1,-1,-1
66,46304,698,372,9,20,1,-1,-1,-1
67,46350,715,368,15,6,1,-1,-1,-1
67,46318,734,367,9,6,1,-1,-1,-1
67,46309,729,370,8,15,1,-1,-1,-1
67,46304,716,371,10,21,1,-1,-1,-1
68,46350,736,368,20,5,1,-1,-1,-1
68,46318,754,367,7,6,1,-1,-1,-1
68,46309,749,369,8,16,1,-1,-1,-1
68,46304,737,371,10,21,1,-1,-1,-1
69,46350,759,367,21,5,1,-1,-1,-1
69,46318,775,366,6,6,1,-1,-1,-1
69,46309,771,368,9,16,1,-1,-1,-1
69,46304,759,370,10,22,1,-1,-1,-1
70,46350,784,366,22,5,1,-1,-1,-1
70,46309,796,367,9,16,1,-1,-1,-1
70,46304,783,369,11,23,1,-1,-1,-1
71,46350,815,363,19,6,1,-1,-1,-1
71,46309,823,365,9,17,1,-1,-1,-1
71,46304,810,367,12,23,1,-1,-1,-1
72,46350,844,361,22,5,1,-1,-1,-1
72,46309,854,362,9,17,1,-1,-1,-1
72,46304,841,364,13,25,1,-1,-1,-1
73,46350,877,358,23,5,1,-1,-1,-1
73,46309,887,360,10,17,1,-1,-1,-1
73,46304,873,362,14,25,1,-1,-1,-1
74,46398,937,349,11,10,1,-1,-1,-1
74,46350,911,354,24,6,1,-1,-1,-1
74,46318,906,354,5,6,1,-1,-1,-1
74,46309,921,356,11,19,1,-1,-1,-1
74,46304,908,359,15,25,1,-1,-1,-1
75,46398,975,344,10,10,1,-1,-1,-1
75,46350,949,349,24,6,1,-1,-1,-1
75,46318,938,349,8,7,1,-1,-1,-1
75,46309,958,351,12,19,1,-1,-1,-1
75,46304,947,353,15,28,1,-1,-1,-1
76,46398,1013,336,12,10,1,-1,-1,-1
76,46350,992,341,23,6,1,-1,-1,-1
76,46318,974,341,11,7,1,-1,-1,-1
76,46309,999,343,12,20,1,-1,-1,-1
76,46304,987,345,16,28,1,-1,-1,-1
77,46398,1060,327,13,10,1,-1,-1,-1
77,46350,1037,332,27,7,1,-1,-1,-1
77,46318,1015,333,14,7,1,-1,-1,-1
77,46309,1047,335,13,20,1,-1,-1,-1
77,46304,1035,337,18,30,1,-1,-1,-1
78,46398,1110,322,14,11,1,-1,-1,-1
78,46350,1088,328,29,7,1,-1,-1,-1
78,46318,1060,329,12,7,1,-1,-1,-1
78,46309,1101,330,12,22,1,-1,-1,-1
78,46304,1089,333,19,32,1,-1,-1,-1
79,46398,1165,318,15,12,1,-1,-1,-1
79,46350,1142,324,32,8,1,-1,-1,-1
79,46318,1109,325,14,8,1,-1,-1,-1
79,46309,1160,327,12,20,1,-1,-1,-1
79,46304,1146,330,23,33,1,-1,-1,-1
80,46398,1223,317,17,12,1,-1,-1,-1
80,46350,1202,323,34,8,1,-1,-1,-1
80,46318,1165,324,10,8,1,-1,-1,-1
80,46309,1216,325,19,20,1,-1,-1,-1
80,46304,1208,328,26,37,1,-1,-1,-1
81,46350,1261,324,18,9,1,-1,-1,-1
81,46318,1223,328,4,6,1,-1,-1,-1
82,46394,0,435,17,137,1,-1,-1,-1
83,46394,0,400,33,190,1,-1,-1,-1
84,46394,0,391,48,213,1,-1,-1,-1
85,46394,0,389,60,229,1,-1,-1,-1
86,46394,0,389,70,245,1,-1,-1,-1
87,46394,0,388,76,265,1,-1,-1,-1
88,46394,0,389,80,288,1,-1,-1,-1
89,46394,0,391,78,310,1,-1,-1,-1
90,46394,0,407,70,312,1,-1,-1,-1
91,46394,0,437,58,227,1,-1,-1,-1
92,46394,0,498,32,190,1,-1,-1,-1
183,46388,1016,366,14,16,1,-1,-1,-1
184,46388,1006,359,22,23,1,-1,-1,-1
185,46388,998,359,29,23,1,-1,-1,-1
186,46388,989,359,38,22,1,-1,-1,-1
187,46388,997,358,32,23,1,-1,-1,-1
188,46388,977,358,54,24,1,-1,-1,-1
189,46388,971,358,61,22,1,-1,-1,-1
190,46388,967,358,42,20,1,-1,-1,-1
191,46388,962,357,67,24,1,-1,-1,-1
192,46388,956,358,71,23,1,-1,-1,-1
193,46388,945,359,71,23,1,-1,-1,-1
194,46388,935,359,69,23,1,-1,-1,-1
195,46388,928,359,64,23,1,-1,-1,-1
196,46388,924,359,58,22,1,-1,-1,-1
197,46388,923,359,50,20,1,-1,-1,-1
198,46388,927,358,35,20,1,-1,-1,-1
199,46388,894,358,65,21,1,-1,-1,-1
200,46388,889,358,62,21,1,-1,-1,-1
201,46388,884,358,37,22,1,-1,-1,-1
202,46388,881,358,48,22,1,-1,-1,-1
203,46388,877,357,61,23,1,-1,-1,-1
204,46388,874,357,63,23,1,-1,-1,-1
205,46388,871,357,60,23,1,-1,-1,-1
206,46388,859,358,62,22,1,-1,-1,-1
207,46388,852,358,53,22,1,-1,-1,-1
208,46388,845,358,55,22,1,-1,-1,-1
209,46388,840,358,50,22,1,-1,-1,-1
210,46388,833,358,49,22,1,-1,-1,-1
211,46388,825,358,50,22,1,-1,-1,-1
212,46388,820,358,46,22,1,-1,-1,-1
212,46302,1012,368,11,14,1,-1,-1,-1
213,46388,815,357,44,22,1,-1,-1,-1
213,46302,1009,368,11,14,1,-1,-1,-1
214,46388,810,357,46,22,1,-1,-1,-1
214,46302,1008,368,10,14,1,-1,-1,-1
215,46388,806,357,45,22,1,-1,-1,-1
215,46302,1008,367,9,15,1,-1,-1,-1
216,46388,802,357,46,22,1,-1,-1,-1
216,46302,1005,367,12,15,1,-1,-1,-1
217,46388,798,357,46,22,1,-1,-1,-1
217,46374,1040,359,8,21,1,-1,-1,-1
217,46302,1002,368,11,14,1,-1,-1,-1
218,46388,791,357,43,22,1,-1,-1,-1
218,46374,1032,360,11,21,1,-1,-1,-1
218,46302,995,368,11,15,1,-1,-1,-1
219,46388,785,357,39,22,1,-1,-1,-1
219,46374,1022,360,16,21,1,-1,-1,-1
219,46302,987,369,10,14,1,-1,-1,-1
220,46388,778,357,36,22,1,-1,-1,-1
220,46374,1014,360,19,21,1,-1,-1,-1
220,46302,979,369,10,14,1,-1,-1,-1
221,46388,772,357,33,19,1,-1,-1,-1
221,46374,1007,360,23,21,1,-1,-1,-1
221,46302,973,368,10,15,1,-1,-1,-1
222,46388,768,357,29,19,1,-1,-1,-1
222,46374,1000,360,28,21,1,-1,-1,-1
222,46302,967,368,10,15,1,-1,-1,-1
223,46388,764,357,26,19,1,-1,-1,-1
223,46374,995,359,32,22,1,-1,-1,-1
223,46302,963,368,10,15,1,-1,-1,-1
224,46388,761,357,23,19,1,-1,-1,-1
224,46374,992,359,35,22,1,-1,-1,-1
224,46302,960,368,10,15,1,-1,-1,-1
225,46388,758,357,18,6,1,-1,-1,-1
225,46374,989,359,38,22,1,-1,-1,-1
225,46302,957,368,10,15,1,-1,-1,-1
226,46374,986,358,38,23,1,-1,-1,-1
226,46302,956,368,9,15,1,-1,-1,-1
227,46374,985,358,39,23,1,-1,-1,-1
227,46302,955,367,9,15,1,-1,-1,-1
228,46374,984,358,39,22,1,-1,-1,-1
228,46302,955,367,9,16,1,-1,-1,-1
229,46374,980,358,39,23,1,-1,-1,-1
229,46302,951,368,10,15,1,-1,-1,-1
230,46390,1026,360,8,13,1,-1,-1,-1
230,46374,973,359,38,23,1,-1,-1,-1
230,46302,945,368,7,16,1,-1,-1,-1
231,46390,1018,361,12,13,1,-1,-1,-1
231,46374,965,359,38,23,1,-1,-1,-1
232,46390,1013,361,13,13,1,-1,-1,-1
232,46374,957,359,39,23,1,-1,-1,-1
232,46302,934,368,6,16,1,-1,-1,-1
233,46390,1009,361,14,13,1,-1,-1,-1
233,46374,951,359,38,23,1,-1,-1,-1
233,46302,930,368,4,16,1,-1,-1,-1
234,46390,1005,360,17,14,1,-1,-1,-1
234,46374,945,359,38,23,1,-1,-1,-1
234,46302,927,370,2,14,1,-1,-1,-1
235,46390,1001,360,21,15,1,-1,-1,-1
235,46374,941,359,38,23,1,-1,-1,-1
235,46302,917,371,9,10,1,-1,-1,-1
236,46390,1000,360,23,13,1,-1,-1,-1
236,46374,937,358,39,24,1,-1,-1,-1
237,46390,999,360,24,15,1,-1,-1,-1
237,46374,935,358,38,24,1,-1,-1,-1
238,46390,1002,359,26,16,1,-1,-1,-1
238,46374,933,358,39,24,1,-1,-1,-1
238,46302,913,370,3,14,1,-1,-1,-1
239,46390,1001,359,30,16,1,-1,-1,-1
239,46374,931,358,40,24,1,-1,-1,-1
239,46302,913,368,4,17,1,-1,-1,-1
240,46390,1002,359,32,16,1,-1,-1,-1
240,46374,931,357,39,25,1,-1,-1,-1
240,46351,1019,362,15,6,1,-1,-1,-1
240,46302,912,368,6,17,1,-1,-1,-1
241,46390,1002,359,31,16,1,-1,-1,-1
241,46374,927,358,40,24,1,-1,-1,-1
241,46351,1016,363,17,10,1,-1,-1,-1
241,46302,911,368,6,18,1,-1,-1,-1
242,46390,997,360,30,16,1,-1,-1,-1
242,46374,921,358,39,25,1,-1,-1,-1
242,46351,1009,363,18,13,1,-1,-1,-1
242,46302,906,369,7,17,1,-1,-1,-1
243,46390,993,360,33,16,1,-1,-1,-1
243,46374,916,358,36,25,1,-1,-1,-1
243,46351,1001,363,20,14,1,-1,-1,-1
243,46302,900,369,8,18,1,-1,-1,-1
244,46390,988,360,32,16,1,-1,-1,-1
244,46374,912,358,34,25,1,-1,-1,-1
244,46351,994,363,21,14,1,-1,-1,-1
244,46302,895,369,8,18,1,-1,-1,-1
245,46390,984,360,33,16,1,-1,-1,-1
245,46374,908,358,32,25,1,-1,-1,-1
245,46351,987,363,23,14,1,-1,-1,-1
245,46302,894,369,5,18,1,-1,-1,-1
246,46390,980,360,34,16,1,-1,-1,-1
246,46374,895,358,40,25,1,-1,-1,-1
246,46351,983,363,22,14,1,-1,-1,-1
247,46390,978,360,35,16,1,-1,-1,-1
247,46374,903,358,28,25,1,-1,-1,-1
247,46351,978,363,23,13,1,-1,-1,-1
248,46390,979,360,33,15,1,-1,-1,-1
248,46374,903,358,25,25,1,-1,-1,-1
248,46351,975,363,23,13,1,-1,-1,-1
249,46390,979,359,34,16,1,-1,-1,-1
249,46374,886,358,40,25,1,-1,-1,-1
249,46351,973,362,23,14,1,-1,-1,-1
250,46390,980,359,34,16,1,-1,-1,-1
250,46374,889,357,36,25,1,-1,-1,-1
250,46351,972,362,23,14,1,-1,-1,-1
251,46390,982,359,34,16,1,-1,-1,-1
251,46374,884,357,40,26,1,-1,-1,-1
251,46351,971,362,23,14,1,-1,-1,-1
252,46390,983,359,34,16,1,-1,-1,-1
252,46374,883,357,40,24,1,-1,-1,-1
252,46351,970,362,24,14,1,-1,-1,-1
252,46302,892,375,5,13,1,-1,-1,-1
253,46390,982,359,35,16,1,-1,-1,-1
253,46374,880,357,17,25,1,-1,-1,-1
253,46351,967,362,24,14,1,-1,-1,-1
253,46302,892,376,5,12,1,-1,-1,-1
254,46390,978,360,33,16,1,-1,-1,-1
254,46374,874,357,33,27,1,-1,-1,-1
254,46351,961,363,23,14,1,-1,-1,-1
254,46302,890,370,17,20,1,-1,-1,-1
255,46390,972,360,32,16,1,-1,-1,-1
255,46374,866,358,41,26,1,-1,-1,-1
255,46351,953,363,23,14,1,-1,-1,-1
255,46302,888,370,21,21,1,-1,-1,-1
256,46390,967,360,31,16,1,-1,-1,-1
256,46374,861,357,39,28,1,-1,-1,-1
256,46351,946,363,23,14,1,-1,-1,-1
256,46302,893,370,16,22,1,-1,-1,-1
257,46390,962,360,30,16,1,-1,-1,-1
257,46374,854,357,40,27,1,-1,-1,-1
257,46351,940,363,23,14,1,-1,-1,-1
257,46302,890,370,19,23,1,-1,-1,-1
258,46390,959,360,28,16,1,-1,-1,-1
258,46374,849,357,29,28,1,-1,-1,-1
258,46351,943,363,15,14,1,-1,-1,-1
258,46302,890,370,20,23,1,-1,-1,-1
259,46390,955,360,28,15,1,-1,-1,-1
259,46374,845,357,41,28,1,-1,-1,-1
259,46302,889,370,25,23,1,-1,-1,-1
260,46390,966,360,14,15,1,-1,-1,-1
260,46379,984,360,12,9,1,-1,-1,-1
260,46374,842,357,34,28,1,-1,-1,-1
260,46302,891,370,27,24,1,-1,-1,-1
261,46374,839,357,38,28,1,-1,-1,-1
261,46351,925,362,14,14,1,-1,-1,-1
261,46302,895,370,30,24,1,-1,-1,-1
262,46374,837,357,40,28,1,-1,-1,-1
262,46351,924,362,23,14,1,-1,-1,-1
262,46302,901,370,31,25,1,-1,-1,-1
263,46390,952,359,9,15,1,-1,-1,-1
263,46374,836,356,42,29,1,-1,-1,-1
263,46351,922,362,24,14,1,-1,-1,-1
263,46302,907,370,33,25,1,-1,-1,-1
264,46390,952,359,20,15,1,-1,-1,-1
264,46374,835,356,43,29,1,-1,-1,-1
264,46351,921,362,25,14,1,-1,-1,-1
264,46302,915,370,34,26,1,-1,-1,-1
265,46390,950,359,21,16,1,-1,-1,-1
265,46379,977,359,9,12,1,-1,-1,-1
265,46374,831,356,44,30,1,-1,-1,-1
265,46351,918,362,25,14,1,-1,-1,-1
265,46302,920,371,36,25,1,-1,-1,-1
266,46390,944,360,21,15,1,-1,-1,-1
266,46374,825,357,44,29,1,-1,-1,-1
266,46351,911,362,25,14,1,-1,-1,-1
266,46302,922,371,36,27,1,-1,-1,-1
266,46275,980,365,10,12,1,-1,-1,-1
267,46390,937,360,22,15,1,-1,-1,-1
267,46379,959,360,12,12,1,-1,-1,-1
267,46374,818,357,44,30,1,-1,-1,-1
267,46351,904,363,24,14,1,-1,-1,-1
267,46302,924,372,37,26,1,-1,-1,-1
267,46275,972,365,11,12,1,-1,-1,-1
268,46390,931,360,21,15,1,-1,-1,-1
268,46379,952,360,12,12,1,-1,-1,-1
268,46374,811,357,44,30,1,-1,-1,-1
268,46351,897,363,24,14,1,-1,-1,-1
268,46302,926,372,39,27,1,-1,-1,-1
268,46275,965,365,14,12,1,-1,-1,-1
269,46390,926,360,20,15,1,-1,-1,-1
269,46379,946,360,11,12,1,-1,-1,-1
269,46377,956,361,12,9,1,-1,-1,-1
269,46374,805,357,41,30,1,-1,-1,-1
269,46351,890,362,25,14,1,-1,-1,-1
269,46340,973,365,16,6,1,-1,-1,-1
269,46302,929,372,41,27,1,-1,-1,-1
269,46275,961,365,12,12,1,-1,-1,-1
270,46390,921,360,20,15,1,-1,-1,-1
270,46379,941,360,11,10,1,-1,-1,-1
270,46377,952,360,11,10,1,-1,-1,-1
270,46374,800,356,45,31,1,-1,-1,-1
270,46351,885,362,25,14,1,-1,-1,-1
270,46340,967,365,20,6,1,-1,-1,-1
270,46302,934,372,41,28,1,-1,-1,-1
270,46275,954,365,13,12,1,-1,-1,-1
271,46390,918,359,19,16,1,-1,-1,-1
271,46374,796,356,45,31,1,-1,-1,-1
271,46351,881,362,25,14,1,-1,-1,-1
271,46340,963,365,24,6,1,-1,-1,-1
271,46302,940,372,41,28,1,-1,-1,-1
271,46275,950,364,13,12,1,-1,-1,-1
272,46390,915,359,19,15,1,-1,-1,-1
272,46374,793,356,46,32,1,-1,-1,-1
272,46351,878,362,25,14,1,-1,-1,-1
272,46340,960,365,25,6,1,-1,-1,-1
272,46302,948,372,27,27,1,-1,-1,-1
272,46275,949,364,12,12,1,-1,-1,-1
273,46390,913,359,19,15,1,-1,-1,-1
273,46379,931,359,11,12,1,-1,-1,-1
273,46377,941,360,14,9,1,-1,-1,-1
273,46374,790,356,46,32,1,-1,-1,-1
273,46351,875,362,25,14,1,-1,-1,-1
273,46340,957,364,26,6,1,-1,-1,-1
273,46302,957,376,20,24,1,-1,-1,-1
273,46275,948,364,10,12,1,-1,-1,-1
274,46390,912,359,18,15,1,-1,-1,-1
274,46379,930,359,10,12,1,-1,-1,-1
274,46377,939,360,15,9,1,-1,-1,-1
274,46374,788,356,47,32,1,-1,-1,-1
274,46351,877,362,21,14,1,-1,-1,-1
274,46340,955,364,26,6,1,-1,-1,-1
274,46302,966,382,13,19,1,-1,-1,-1
274,46275,942,364,15,12,1,-1,-1,-1
275,46390,911,359,18,15,1,-1,-1,-1
275,46379,929,359,10,11,1,-1,-1,-1
275,46377,938,359,15,10,1,-1,-1,-1
275,46374,786,356,48,32,1,-1,-1,-1
275,46351,879,361,18,15,1,-1,-1,-1
275,46340,954,364,25,6,1,-1,-1,-1
275,46302,977,382,5,18,1,-1,-1,-1
275,46275,941,364,14,12,1,-1,-1,-1
276,46390,911,359,18,15,1,-1,-1,-1
276,46379,928,359,10,11,1,-1,-1,-1
276,46377,937,359,17,9,1,-1,-1,-1
276,46374,785,355,48,33,1,-1,-1,-1
276,46351,882,361,14,14,1,-1,-1,-1
276,46340,953,364,24,6,1,-1,-1,-1
276,46275,941,364,14,12,1,-1,-1,-1
277,46390,908,359,18,15,1,-1,-1,-1
277,46379,925,359,10,12,1,-1,-1,-1
277,46377,934,360,18,9,1,-1,-1,-1
277,46374,782,355,48,34,1,-1,-1,-1
277,46351,866,362,26,14,1,-1,-1,-1
277,46340,949,364,25,6,1,-1,-1,-1
277,46275,937,369,15,7,1,-1,-1,-1
278,46390,901,359,18,15,1,-1,-1,-1
278,46377,928,360,18,9,1,-1,-1,-1
278,46374,775,356,49,33,1,-1,-1,-1
278,46351,862,362,24,14,1,-1,-1,-1
278,46340,944,365,23,6,1,-1,-1,-1
278,46275,930,370,15,6,1,-1,-1,-1
279,46390,894,360,18,14,1,-1,-1,-1
279,46377,921,360,17,9,1,-1,-1,-1
279,46374,768,356,49,34,1,-1,-1,-1
279,46351,851,362,27,14,1,-1,-1,-1
279,46340,938,365,22,6,1,-1,-1,-1
279,46275,923,364,8,13,1,-1,-1,-1
280,46390,888,360,17,14,1,-1,-1,-1
280,46377,914,360,12,9,1,-1,-1,-1
280,46374,761,356,50,34,1,-1,-1,-1
280,46351,844,362,16,14,1,-1,-1,-1
280,46340,933,365,19,6,1,-1,-1,-1
280,46318,979,367,6,4,1,-1,-1,-1
280,46275,916,365,10,12,1,-1,-1,-1
281,46390,882,359,18,15,1,-1,-1,-1
281,46377,909,360,13,9,1,-1,-1,-1
281,46374,755,355,51,35,1,-1,-1,-1
281,46351,838,362,19,14,1,-1,-1,-1
281,46340,921,365,25,6,1,-1,-1,-1
281,46318,975,367,7,4,1,-1,-1,-1
281,46275,910,364,12,13,1,-1,-1,-1
282,46390,878,359,17,15,1,-1,-1,-1
282,46377,904,360,15,9,1,-1,-1,-1
282,46374,749,355,52,36,1,-1,-1,-1
282,46351,832,362,19,14,1,-1,-1,-1
282,46340,916,365,25,6,1,-1,-1,-1
282,46318,971,367,8,4,1,-1,-1,-1
282,46275,904,364,14,12,1,-1,-1,-1
283,46390,874,359,17,15,1,-1,-1,-1
283,46377,901,360,14,9,1,-1,-1,-1
283,46374,745,355,52,36,1,-1,-1,-1
283,46351,827,362,26,14,1,-1,-1,-1
283,46340,912,365,25,5,1,-1,-1,-1
283,46318,969,367,9,4,1,-1,-1,-1
283,46275,900,364,14,12,1,-1,-1,-1
284,46390,871,359,16,15,1,-1,-1,-1
284,46377,899,360,13,9,1,-1,-1,-1
284,46374,741,355,53,36,1,-1,-1,-1
284,46351,823,361,28,15,1,-1,-1,-1
284,46340,908,364,25,6,1,-1,-1,-1
284,46318,968,368,6,7,1,-1,-1,-1
284,46275,897,364,14,12,1,-1,-1,-1
285,46390,872,359,13,14,1,-1,-1,-1
285,46377,897,359,17,9,1,-1,-1,-1
285,46374,737,354,55,37,1,-1,-1,-1
285,46351,820,361,28,14,1,-1,-1,-1
285,46340,906,364,25,6,1,-1,-1,-1
285,46318,955,368,16,2,1,-1,-1,-1
285,46275,895,363,14,13,1,-1,-1,-1
286,46390,875,358,9,15,1,-1,-1,-1
286,46377,897,359,15,9,1,-1,-1,-1
286,46374,734,354,56,37,1,-1,-1,-1
286,46351,817,361,29,14,1,-1,-1,-1
286,46340,904,364,25,5,1,-1,-1,-1
286,46318,953,367,15,3,1,-1,-1,-1
286,46275,895,363,12,12,1,-1,-1,-1
287,46377,896,358,15,8,1,-1,-1,-1
287,46374,731,354,58,37,1,-1,-1,-1
287,46351,815,360,29,15,1,-1,-1,-1
287,46340,902,363,25,6,1,-1,-1,-1
287,46275,891,363,14,12,1,-1,-1,-1
288,46390,866,357,16,15,1,-1,-1,-1
288,46377,897,358,17,8,1,-1,-1,-1
288,46374,728,353,60,38,1,-1,-1,-1
288,46351,813,360,29,14,1,-1,-1,-1
288,46340,901,363,25,6,1,-1,-1,-1
288,46318,951,365,5,8,1,-1,-1,-1
288,46275,890,362,14,13,1,-1,-1,-1
289,46377,895,358,17,8,1,-1,-1,-1
289,46374,723,353,62,39,1,-1,-1,-1
289,46351,809,360,29,14,1,-1,-1,-1
289,46340,898,363,25,6,1,-1,-1,-1
289,46318,949,365,5,8,1,-1,-1,-1
289,46275,887,362,14,13,1,-1,-1,-1
290,46390,857,358,8,14,1,-1,-1,-1
290,46377,890,358,16,8,1,-1,-1,-1
290,46374,715,353,64,39,1,-1,-1,-1
290,46351,802,360,29,15,1,-1,-1,-1
290,46340,892,363,25,6,1,-1,-1,-1
290,46318,943,365,6,7,1,-1,-1,-1
290,46275,887,363,8,12,1,-1,-1,-1
291,46390,850,358,13,14,1,-1,-1,-1
291,46374,706,353,66,40,1,-1,-1,-1
291,46351,794,360,30,14,1,-1,-1,-1
291,46340,888,363,17,6,1,-1,-1,-1
291,46318,936,365,14,7,1,-1,-1,-1
292,46390,844,358,17,14,1,-1,-1,-1
292,46377,879,358,17,7,1,-1,-1,-1
292,46374,697,352,69,41,1,-1,-1,-1
292,46351,787,360,30,14,1,-1,-1,-1
292,46340,878,363,23,6,1,-1,-1,-1
292,46318,931,365,7,7,1,-1,-1,-1
292,46275,878,370,3,5,1,-1,-1,-1
293,46390,839,358,16,14,1,-1,-1,-1
293,46374,688,352,72,41,1,-1,-1,-1
293,46351,780,360,30,14,1,-1,-1,-1
293,46340,877,364,20,5,1,-1,-1,-1
293,46318,925,365,9,4,1,-1,-1,-1
294,46390,835,358,12,14,1,-1,-1,-1
294,46374,680,352,75,42,1,-1,-1,-1
294,46351,775,360,30,14,1,-1,-1,-1
294,46318,921,365,9,7,1,-1,-1,-1
295,46390,831,358,16,14,1,-1,-1,-1
295,46374,672,352,78,42,1,-1,-1,-1
295,46351,770,360,30,14,1,-1,-1,-1
295,46318,918,365,8,7,1,-1,-1,-1
295,46275,852,362,8,12,1,-1,-1,-1
296,46390,828,358,16,14,1,-1,-1,-1
296,46374,664,352,82,43,1,-1,-1,-1
296,46351,767,360,29,14,1,-1,-1,-1
296,46340,861,364,24,5,1,-1,-1,-1
296,46318,916,365,10,7,1,-1,-1,-1
296,46275,852,362,9,13,1,-1,-1,-1
297,46390,826,357,15,15,1,-1,-1,-1
297,46374,657,352,86,44,1,-1,-1,-1
297,46351,761,360,31,14,1,-1,-1,-1
297,46318,916,366,8,6,1,-1,-1,-1
297,46275,845,362,14,13,1,-1,-1,-1
298,46390,824,357,16,15,1,-1,-1,-1
298,46374,650,352,90,44,1,-1,-1,-1
298,46351,758,360,31,14,1,-1,-1,-1
298,46275,843,366,14,9,1,-1,-1,-1
299,46390,823,357,15,15,1,-1,-1,-1
299,46374,643,352,93,45,1,-1,-1,-1
299,46360,986,358,14,11,1,-1,-1,-1
299,46351,755,360,31,14,1,-1,-1,-1
299,46340,857,362,14,6,1,-1,-1,-1
299,46318,902,366,17,7,1,-1,-1,-1
299,46275,841,362,11,13,1,-1,-1,-1
300,46390,822,357,15,14,1,-1,-1,-1
300,46374,636,351,97,46,1,-1,-1,-1
300,46360,984,358,16,11,1,-1,-1,-1
300,46351,752,360,32,14,1,-1,-1,-1
300,46340,853,362,22,6,1,-1,-1,-1
300,46318,900,365,17,8,1,-1,-1,-1
300,46275,840,363,14,12,1,-1,-1,-1
301,46390,821,357,16,14,1,-1,-1,-1
301,46374,628,351,102,47,1,-1,-1,-1
301,46360,982,358,14,11,1,-1,-1,-1
301,46351,750,360,31,14,1,-1,-1,-1
301,46340,853,362,24,6,1,-1,-1,-1
301,46318,902,365,13,6,1,-1,-1,-1
301,46280,921,361,5,5,1,-1,-1,-1
301,46275,838,362,14,12,1,-1,-1,-1
302,46390,819,357,15,14,1,-1,-1,-1
302,46374,618,351,107,47,1,-1,-1,-1
302,46360,979,358,19,11,1,-1,-1,-1
302,46351,745,360,32,14,1,-1,-1,-1
302,46340,850,362,24,6,1,-1,-1,-1
302,46275,835,362,14,13,1,-1,-1,-1
303,46390,813,357,16,15,1,-1,-1,-1
303,46374,604,351,112,48,1,-1,-1,-1
303,46360,972,358,21,12,1,-1,-1,-1
303,46351,738,360,32,14,1,-1,-1,-1
303,46340,844,363,24,5,1,-1,-1,-1
303,46280,912,362,4,5,1,-1,-1,-1
303,46275,829,362,14,13,1,-1,-1,-1
304,46390,807,357,15,15,1,-1,-1,-1
304,46374,590,350,116,49,1,-1,-1,-1
304,46360,964,359,20,11,1,-1,-1,-1
304,46351,730,360,33,14,1,-1,-1,-1
304,46340,837,363,25,5,1,-1,-1,-1
304,46280,907,362,2,6,1,-1,-1,-1
304,46275,822,362,14,13,1,-1,-1,-1
305,46390,801,357,16,14,1,-1,-1,-1
305,46374,575,350,121,49,1,-1,-1,-1
305,46360,956,359,25,11,1,-1,-1,-1
305,46351,723,360,32,14,1,-1,-1,-1
305,46340,831,363,22,5,1,-1,-1,-1
305,46275,815,362,13,13,1,-1,-1,-1
306,46390,796,357,15,14,1,-1,-1,-1
306,46374,561,350,125,50,1,-1,-1,-1
306,46360,950,358,26,12,1,-1,-1,-1
306,46351,716,360,32,14,1,-1,-1,-1
306,46340,826,362,23,6,1,-1,-1,-1
306,46318,872,368,12,4,1,-1,-1,-1
306,46275,809,362,14,13,1,-1,-1,-1
307,46390,792,357,15,14,1,-1,-1,-1
307,46374,547,350,129,51,1,-1,-1,-1
307,46360,944,358,27,12,1,-1,-1,-1
307,46351,710,359,32,15,1,-1,-1,-1
307,46340,822,362,22,6,1,-1,-1,-1
307,46318,868,367,11,5,1,-1,-1,-1
307,46275,804,362,14,13,1,-1,-1,-1
308,46390,788,357,15,14,1,-1,-1,-1
308,46374,533,350,133,51,1,-1,-1,-1
308,46360,939,358,29,10,1,-1,-1,-1
308,46351,704,359,33,15,1,-1,-1,-1
308,46340,819,362,21,6,1,-1,-1,-1
308,46280,884,362,2,6,1,-1,-1,-1
308,46275,801,362,13,13,1,-1,-1,-1
309,46390,785,357,15,14,1,-1,-1,-1
309,46374,520,349,136,53,1,-1,-1,-1
309,46360,935,358,30,10,1,-1,-1,-1
309,46351,699,359,33,15,1,-1,-1,-1
309,46340,813,362,24,6,1,-1,-1,-1
309,46318,860,364,14,8,1,-1,-1,-1
309,46280,880,362,2,6,1,-1,-1,-1
309,46275,796,362,14,13,1,-1,-1,-1
310,46390,783,357,15,14,1,-1,-1,-1
310,46374,507,349,138,53,1,-1,-1,-1
310,46360,931,358,31,11,1,-1,-1,-1
310,46351,695,359,32,15,1,-1,-1,-1
310,46340,810,362,24,6,1,-1,-1,-1
310,46318,862,364,4,5,1,-1,-1,-1
310,46275,792,362,13,13,1,-1,-1,-1
311,46390,781,357,15,14,1,-1,-1,-1
311,46374,495,349,139,54,1,-1,-1,-1
311,46360,933,358,26,11,1,-1,-1,-1
311,46351,690,359,33,15,1,-1,-1,-1
311,46340,808,362,24,6,1,-1,-1,-1
311,46318,854,367,11,5,1,-1,-1,-1
311,46275,789,362,15,13,1,-1,-1,-1
312,46390,779,357,15,14,1,-1,-1,-1
312,46374,482,349,141,54,1,-1,-1,-1
312,46360,941,358,16,11,1,-1,-1,-1
312,46351,686,359,34,15,1,-1,-1,-1
312,46340,806,362,24,6,1,-1,-1,-1
312,46318,849,364,12,10,1,-1,-1,-1
312,46275,787,362,14,13,1,-1,-1,-1
313,46390,778,357,14,14,1,-1,-1,-1
313,46374,469,349,143,54,1,-1,-1,-1
313,46351,682,359,34,15,1,-1,-1,-1
313,46340,804,362,24,6,1,-1,-1,-1
313,46318,847,364,16,11,1,-1,-1,-1
313,46275,785,362,14,13,1,-1,-1,-1
314,46390,777,357,14,14,1,-1,-1,-1
314,46374,456,349,144,55,1,-1,-1,-1
314,46351,679,359,34,15,1,-1,-1,-1
314,46340,802,362,24,6,1,-1,-1,-1
314,46318,844,364,18,11,1,-1,-1,-1
314,46275,783,362,14,13,1,-1,-1,-1
315,46390,776,357,15,14,1,-1,-1,-1
315,46374,444,349,146,55,1,-1,-1,-1
315,46360,921,357,16,12,1,-1,-1,-1
315,46351,676,359,34,15,1,-1,-1,-1
315,46340,800,362,24,6,1,-1,-1,-1
315,46318,842,365,18,10,1,-1,-1,-1
315,46275,781,362,14,13,1,-1,-1,-1
316,46390,776,357,15,14,1,-1,-1,-1
316,46374,432,349,148,56,1,-1,-1,-1
316,46360,922,357,25,10,1,-1,-1,-1
316,46351,673,359,35,15,1,-1,-1,-1
316,46340,799,362,24,6,1,-1,-1,-1
316,46318,839,364,19,11,1,-1,-1,-1
316,46275,779,361,15,14,1,-1,-1,-1
317,46390,773,357,15,14,1,-1,-1,-1
317,46374,418,349,151,56,1,-1,-1,-1
317,46360,922,357,25,12,1,-1,-1,-1
317,46351,668,359,35,15,1,-1,-1,-1
317,46340,796,362,24,6,1,-1,-1,-1
317,46318,835,364,17,11,1,-1,-1,-1
317,46275,776,362,14,13,1,-1,-1,-1
318,46390,768,357,15,14,1,-1,-1,-1
318,46374,400,348,154,57,1,-1,-1,-1
318,46360,918,358,22,10,1,-1,-1,-1
318,46351,661,359,34,15,1,-1,-1,-1
318,46340,789,362,24,6,1,-1,-1,-1
318,46318,827,364,18,12,1,-1,-1,-1
318,46280,851,361,4,5,1,-1,-1,-1
318,46275,771,362,13,13,1,-1,-1,-1
319,46390,763,357,14,14,1,-1,-1,-1
319,46374,382,348,156,58,1,-1,-1,-1
319,46360,903,358,30,12,1,-1,-1,-1
319,46351,653,359,34,15,1,-1,-1,-1
319,46340,782,362,24,6,1,-1,-1,-1
319,46318,819,364,17,12,1,-1,-1,-1
319,46280,843,361,5,6,1,-1,-1,-1
319,46275,763,362,14,13,1,-1,-1,-1
320,46390,757,357,15,14,1,-1,-1,-1
320,46374,364,348,158,58,1,-1,-1,-1
320,46360,896,358,30,12,1,-1,-1,-1
320,46351,645,359,35,15,1,-1,-1,-1
320,46340,776,362,24,7,1,-1,-1,-1
320,46318,811,364,18,12,1,-1,-1,-1
320,46280,838,361,4,5,1,-1,-1,-1
320,46275,756,362,14,13,1,-1,-1,-1
321,46390,752,357,15,14,1,-1,-1,-1
321,46374,346,348,160,59,1,-1,-1,-1
321,46360,892,358,28,10,1,-1,-1,-1
321,46351,639,359,33,15,1,-1,-1,-1
321,46340,770,362,23,7,1,-1,-1,-1
321,46318,803,364,19,12,1,-1,-1,-1
321,46280,833,361,3,8,1,-1,-1,-1
321,46275,750,362,14,13,1,-1,-1,-1
322,46390,748,357,15,14,1,-1,-1,-1
322,46374,329,348,162,60,1,-1,-1,-1
322,46360,885,358,30,11,1,-1,-1,-1
322,46351,632,359,33,15,1,-1,-1,-1
322,46340,764,362,24,7,1,-1,-1,-1
322,46318,796,364,19,12,1,-1,-1,-1
322,46280,825,361,6,7,1,-1,-1,-1
322,46275,744,362,14,13,1,-1,-1,-1
323,46390,744,357,15,14,1,-1,-1,-1
323,46374,312,347,164,61,1,-1,-1,-1
323,46360,881,358,29,11,1,-1,-1,-1
323,46351,626,359,33,15,1,-1,-1,-1
323,46340,759,362,21,7,1,-1,-1,-1
323,46318,789,364,19,12,1,-1,-1,-1
323,46280,823,361,4,7,1,-1,-1,-1
323,46275,739,362,14,13,1,-1,-1,-1
324,46390,741,357,15,14,1,-1,-1,-1
324,46374,300,347,161,62,1,-1,-1,-1
324,46360,879,358,27,11,1,-1,-1,-1
324,46351,619,359,34,15,1,-1,-1,-1
324,46340,756,362,21,7,1,-1,-1,-1
324,46318,784,364,18,12,1,-1,-1,-1
324,46280,818,361,6,7,1,-1,-1,-1
324,46275,735,362,14,13,1,-1,-1,-1
325,46390,739,357,14,14,1,-1,-1,-1
325,46374,288,347,159,63,1,-1,-1,-1
325,46360,877,358,21,11,1,-1,-1,-1
325,46351,613,359,34,15,1,-1,-1,-1
325,46340,753,362,21,7,1,-1,-1,-1
325,46318,779,364,18,12,1,-1,-1,-1
325,46280,815,363,6,4,1,-1,-1,-1
325,46275,731,362,14,13,1,-1,-1,-1
326,46390,737,357,14,14,1,-1,-1,-1
326,46374,276,347,157,63,1,-1,-1,-1
326,46360,869,357,30,12,1,-1,-1,-1
326,46351,608,359,34,15,1,-1,-1,-1
326,46340,751,362,20,7,1,-1,-1,-1
326,46318,776,364,16,12,1,-1,-1,-1
326,46280,810,361,8,5,1,-1,-1,-1
326,46275,727,362,14,13,1,-1,-1,-1
327,46390,735,357,14,14,1,-1,-1,-1
327,46374,264,347,155,64,1,-1,-1,-1
327,46360,867,357,21,12,1,-1,-1,-1
327,46351,603,359,34,15,1,-1,-1,-1
327,46340,749,362,19,6,1,-1,-1,-1
327,46318,769,364,19,12,1,-1,-1,-1
327,46280,810,361,5,6,1,-1,-1,-1
327,46275,724,362,14,13,1,-1,-1,-1
328,46390,733,357,15,14,1,-1,-1,-1
328,46374,252,347,154,64,1,-1,-1,-1
328,46360,864,357,25,11,1,-1,-1,-1
328,46351,597,359,35,15,1,-1,-1,-1
328,46340,748,362,17,6,1,-1,-1,-1
328,46318,765,364,18,12,1,-1,-1,-1
328,46280,807,363,5,4,1,-1,-1,-1
328,46275,721,362,14,13,1,-1,-1,-1
329,46390,732,357,15,14,1,-1,-1,-1
329,46374,217,347,175,65,1,-1,-1,-1
329,46360,863,357,26,12,1,-1,-1,-1
329,46351,593,359,34,15,1,-1,-1,-1
329,46340,746,362,16,6,1,-1,-1,-1
329,46318,761,364,18,12,1,-1,-1,-1
329,46280,805,361,3,6,1,-1,-1,-1
329,46275,718,361,14,14,1,-1,-1,-1
330,46390,731,357,14,14,1,-1,-1,-1
330,46374,202,347,177,66,1,-1,-1,-1
330,46360,862,357,28,10,1,-1,-1,-1
330,46351,592,359,31,15,1,-1,-1,-1
330,46340,745,362,15,6,1,-1,-1,-1
330,46318,758,364,18,12,1,-1,-1,-1
330,46280,803,361,6,7,1,-1,-1,-1
330,46275,715,361,15,14,1,-1,-1,-1
331,46390,730,357,15,14,1,-1,-1,-1
331,46374,187,347,178,66,1,-1,-1,-1
331,46360,860,357,29,10,1,-1,-1,-1
331,46351,584,359,35,15,1,-1,-1,-1
331,46318,755,364,17,12,1,-1,-1,-1
331,46280,798,361,9,7,1,-1,-1,-1
331,46275,713,361,14,14,1,-1,-1,-1
332,46390,729,357,15,14,1,-1,-1,-1
332,46374,171,347,180,67,1,-1,-1,-1
332,46360,860,357,27,10,1,-1,-1,-1
332,46351,580,359,35,13,1,-1,-1,-1
332,46318,751,364,18,12,1,-1,-1,-1
332,46280,799,361,6,7,1,-1,-1,-1
332,46275,710,361,15,14,1,-1,-1,-1
333,46390,727,357,15,14,1,-1,-1,-1
333,46374,153,346,183,68,1,-1,-1,-1
333,46360,858,357,26,11,1,-1,-1,-1
333,46351,575,359,34,13,1,-1,-1,-1
333,46318,746,364,18,12,1,-1,-1,-1
333,46280,794,361,6,6,1,-1,-1,-1
333,46275,706,361,15,14,1,-1,-1,-1
334,46390,722,357,15,14,1,-1,-1,-1
334,46374,131,345,186,69,1,-1,-1,-1
334,46360,855,357,23,12,1,-1,-1,-1
334,46351,569,359,32,10,1,-1,-1,-1
334,46340,721,362,24,6,1,-1,-1,-1
334,46318,739,364,18,12,1,-1,-1,-1
334,46280,787,361,9,7,1,-1,-1,-1
334,46275,700,362,14,13,1,-1,-1,-1
335,46390,717,357,15,14,1,-1,-1,-1
335,46374,107,345,190,70,1,-1,-1,-1
335,46360,851,358,20,10,1,-1,-1,-1
335,46351,563,359,29,9,1,-1,-1,-1
335,46340,714,363,23,6,1,-1,-1,-1
335,46318,731,364,17,12,1,-1,-1,-1
335,46280,783,361,6,7,1,-1,-1,-1
335,46275,694,362,14,14,1,-1,-1,-1
336,46390,712,357,15,14,1,-1,-1,-1
336,46374,82,344,194,71,1,-1,-1,-1
336,46360,848,358,17,10,1,-1,-1,-1
336,46351,548,359,36,10,1,-1,-1,-1
336,46340,708,364,23,5,1,-1,-1,-1
336,46318,723,364,17,12,1,-1,-1,-1
336,46280,776,361,6,7,1,-1,-1,-1
336,46275,686,362,15,14,1,-1,-1,-1
337,46390,708,357,15,14,1,-1,-1,-1
337,46374,58,344,198,72,1,-1,-1,-1
337,46360,835,358,19,10,1,-1,-1,-1
337,46351,540,359,36,10,1,-1,-1,-1
337,46340,702,364,22,5,1,-1,-1,-1
337,46318,716,364,17,13,1,-1,-1,-1
337,46280,772,361,6,7,1,-1,-1,-1
337,46275,680,362,15,14,1,-1,-1,-1
338,46390,704,357,15,14,1,-1,-1,-1
338,46374,34,344,202,73,1,-1,-1,-1
338,46360,830,357,21,11,1,-1,-1,-1
338,46351,533,359,35,9,1,-1,-1,-1
338,46340,696,363,23,6,1,-1,-1,-1
338,46318,709,364,17,13,1,-1,-1,-1
338,46280,765,361,7,7,1,-1,-1,-1
338,46275,674,362,15,14,1,-1,-1,-1
339,46390,701,357,14,14,1,-1,-1,-1
339,46374,9,344,207,74,1,-1,-1,-1
339,46360,825,357,23,12,1,-1,-1,-1
339,46351,525,359,36,10,1,-1,-1,-1
339,46318,703,364,16,13,1,-1,-1,-1
339,46280,762,361,6,7,1,-1,-1,-1
339,46275,669,362,15,14,1,-1,-1,-1
340,46390,698,357,14,14,1,-1,-1,-1
340,46374,17,344,180,75,1,-1,-1,-1
340,46360,817,357,29,12,1,-1,-1,-1
340,46351,518,359,37,13,1,-1,-1,-1
340,46318,697,364,17,13,1,-1,-1,-1
340,46280,758,361,6,7,1,-1,-1,-1
340,46275,664,362,15,14,1,-1,-1,-1
341,46390,695,357,15,14,1,-1,-1,-1
341,46374,0,344,177,76,1,-1,-1,-1
341,46360,814,357,29,11,1,-1,-1,-1
341,46351,512,359,33,13,1,-1,-1,-1
341,46318,692,364,16,13,1,-1,-1,-1
341,46280,752,361,8,7,1,-1,-1,-1
341,46275,659,362,15,14,1,-1,-1,-1
342,46390,693,357,15,14,1,-1,-1,-1
342,46374,0,344,158,77,1,-1,-1,-1
342,46360,811,357,28,11,1,-1,-1,-1
342,46351,506,359,36,13,1,-1,-1,-1
342,46340,681,362,12,7,1,-1,-1,-1
342,46318,688,364,15,13,1,-1,-1,-1
342,46280,750,361,7,6,1,-1,-1,-1
342,46275,655,361,15,15,1,-1,-1,-1
343,46390,691,357,15,14,1,-1,-1,-1
343,46374,0,344,138,78,1,-1,-1,-1
343,46360,809,357,19,11,1,-1,-1,-1
343,46351,500,359,37,13,1,-1,-1,-1
343,46340,678,362,13,7,1,-1,-1,-1
343,46318,684,364,15,13,1,-1,-1,-1
343,46280,749,361,5,6,1,-1,-1,-1
343,46275,651,361,15,15,1,-1,-1,-1
344,46390,690,357,14,14,1,-1,-1,-1
344,46374,0,344,119,79,1,-1,-1,-1
344,46360,807,357,22,11,1,-1,-1,-1
344,46351,493,359,38,13,1,-1,-1,-1
344,46340,676,362,13,7,1,-1,-1,-1
344,46318,679,364,15,13,1,-1,-1,-1
344,46280,746,361,6,6,1,-1,-1,-1
344,46275,647,361,15,15,1,-1,-1,-1
345,46390,688,357,15,14,1,-1,-1,-1
345,46374,0,344,99,78,1,-1,-1,-1
345,46360,806,357,24,11,1,-1,-1,-1
345,46351,489,359,37,16,1,-1,-1,-1
345,46340,674,362,14,7,1,-1,-1,-1
345,46318,676,364,14,13,1,-1,-1,-1
345,46280,744,361,4,6,1,-1,-1,-1
345,46275,643,361,16,15,1,-1,-1,-1
346,46390,687,357,15,14,1,-1,-1,-1
346,46374,0,344,80,76,1,-1,-1,-1
346,46360,804,357,25,11,1,-1,-1,-1
346,46351,483,359,33,16,1,-1,-1,-1
346,46340,672,362,15,6,1,-1,-1,-1
346,46318,672,364,14,13,1,-1,-1,-1
346,46280,741,361,5,6,1,-1,-1,-1
346,46275,640,361,15,15,1,-1,-1,-1
347,46390,686,357,15,14,1,-1,-1,-1
347,46374,0,344,60,76,1,-1,-1,-1
347,46360,802,357,25,11,1,-1,-1,-1
347,46351,478,359,35,16,1,-1,-1,-1
347,46340,671,362,15,7,1,-1,-1,-1
347,46318,669,364,14,13,1,-1,-1,-1
347,46280,737,361,9,7,1,-1,-1,-1
347,46275,637,361,15,15,1,-1,-1,-1
348,46390,685,357,15,14,1,-1,-1,-1
348,46374,0,345,40,70,1,-1,-1,-1
348,46360,801,357,23,11,1,-1,-1,-1
348,46351,473,359,38,16,1,-1,-1,-1
348,46340,669,362,16,7,1,-1,-1,-1
348,46318,666,364,14,14,1,-1,-1,-1
348,46280,738,361,6,6,1,-1,-1,-1
348,46275,633,361,16,15,1,-1,-1,-1
349,46390,685,357,14,14,1,-1,-1,-1
349,46374,0,345,20,66,1,-1,-1,-1
349,46360,801,357,22,10,1,-1,-1,-1
349,46351,470,359,37,17,1,-1,-1,-1
349,46340,670,362,14,7,1,-1,-1,-1
349,46318,663,364,13,14,1,-1,-1,-1
349,46280,736,361,6,7,1,-1,-1,-1
349,46275,630,362,15,14,1,-1,-1,-1
350,46390,684,357,15,14,1,-1,-1,-1
350,46360,801,357,21,10,1,-1,-1,-1
350,46351,465,359,38,15,1,-1,-1,-1
350,46340,668,362,15,7,1,-1,-1,-1
350,46318,661,365,13,13,1,-1,-1,-1
350,46280,737,361,5,6,1,-1,-1,-1
350,46275,627,362,15,14,1,-1,-1,-1
351,46390,682,357,15,14,1,-1,-1,-1
351,46360,800,357,19,10,1,-1,-1,-1
351,46351,461,360,36,14,1,-1,-1,-1
351,46340,666,362,14,8,1,-1,-1,-1
351,46318,657,365,13,14,1,-1,-1,-1
351,46280,734,361,5,8,1,-1,-1,-1
351,46275,623,362,15,15,1,-1,-1,-1
352,46390,681,357,14,14,1,-1,-1,-1
352,46360,793,357,24,10,1,-1,-1,-1
352,46351,458,360,33,16,1,-1,-1,-1
352,46340,664,362,13,8,1,-1,-1,-1
352,46318,653,365,13,14,1,-1,-1,-1
352,46280,729,361,8,8,1,-1,-1,-1
352,46275,619,362,15,15,1,-1,-1,-1
353,46390,679,357,15,14,1,-1,-1,-1
353,46360,791,357,24,10,1,-1,-1,-1
353,46351,456,360,29,16,1,-1,-1,-1
353,46340,662,363,13,7,1,-1,-1,-1
353,46318,650,365,12,14,1,-1,-1,-1
353,46280,726,361,9,8,1,-1,-1,-1
353,46275,614,362,16,15,1,-1,-1,-1
354,46390,677,357,15,14,1,-1,-1,-1
354,46360,789,357,24,9,1,-1,-1,-1
354,46351,453,360,27,16,1,-1,-1,-1
354,46340,660,362,13,8,1,-1,-1,-1
354,46318,647,365,11,14,1,-1,-1,-1
354,46280,725,361,7,7,1,-1,-1,-1
354,46275,612,362,13,15,1,-1,-1,-1
355,46390,676,356,15,15,1,-1,-1,-1
355,46360,788,356,24,9,1,-1,-1,-1
355,46351,451,359,23,16,1,-1,-1,-1
355,46340,659,362,12,7,1,-1,-1,-1
355,46318,644,365,11,14,1,-1,-1,-1
355,46280,722,362,7,6,1,-1,-1,-1
355,46275,610,361,11,15,1,-1,-1,-1
356,46390,675,356,15,14,1,-1,-1,-1
356,46360,786,356,24,7,1,-1,-1,-1
356,46351,449,358,20,16,1,-1,-1,-1
356,46340,658,361,12,8,1,-1,-1,-1
356,46318,642,364,10,14,1,-1,-1,-1
356,46280,720,360,9,7,1,-1,-1,-1
356,46275,602,361,16,14,1,-1,-1,-1
357,46390,674,355,15,14,1,-1,-1,-1
357,46360,786,355,23,8,1,-1,-1,-1
357,46351,447,358,17,16,1,-1,-1,-1
357,46340,657,360,11,8,1,-1,-1,-1
357,46318,639,363,11,15,1,-1,-1,-1
357,46280,721,359,3,8,1,-1,-1,-1
357,46275,599,360,15,15,1,-1,-1,-1
358,46390,674,355,14,14,1,-1,-1,-1
358,46360,784,355,24,7,1,-1,-1,-1
358,46351,445,358,15,15,1,-1,-1,-1
358,46340,656,360,11,8,1,-1,-1,-1
358,46318,637,363,10,15,1,-1,-1,-1
358,46280,718,359,6,6,1,-1,-1,-1
358,46275,597,360,14,15,1,-1,-1,-1
359,46390,673,355,15,14,1,-1,-1,-1
359,46360,783,355,24,8,1,-1,-1,-1
359,46351,444,358,11,15,1,-1,-1,-1
359,46318,636,364,9,15,1,-1,-1,-1
359,46280,719,359,4,7,1,-1,-1,-1
359,46275,591,360,16,15,1,-1,-1,-1
360,46390,672,356,15,14,1,-1,-1,-1
360,46360,776,356,30,7,1,-1,-1,-1
360,46351,442,359,8,15,1,-1,-1,-1
360,46340,654,362,12,7,1,-1,-1,-1
360,46318,633,364,10,16,1,-1,-1,-1
360,46280,717,360,6,8,1,-1,-1,-1
360,46275,588,361,16,15,1,-1,-1,-1
361,46390,672,357,14,14,1,-1,-1,-1
361,46360,775,357,29,10,1,-1,-1,-1
361,46340,654,362,11,8,1,-1,-1,-1
361,46318,632,365,9,16,1,-1,-1,-1
361,46280,714,361,7,8,1,-1,-1,-1
361,46275,584,362,16,15,1,-1,-1,-1
362,46390,671,358,15,14,1,-1,-1,-1
362,46360,773,358,30,10,1,-1,-1,-1
362,46340,653,363,11,8,1,-1,-1,-1
362,46318,630,366,9,16,1,-1,-1,-1
362,46280,714,362,6,7,1,-1,-1,-1
362,46275,581,363,16,15,1,-1,-1,-1
363,46390,671,358,14,14,1,-1,-1,-1
363,46360,772,358,30,11,1,-1,-1,-1
363,46340,652,364,11,8,1,-1,-1,-1
363,46318,629,367,9,16,1,-1,-1,-1
363,46280,713,362,6,8,1,-1,-1,-1
363,46275,578,363,15,15,1,-1,-1,-1
364,46390,670,358,15,14,1,-1,-1,-1
364,46360,771,358,30,11,1,-1,-1,-1
364,46318,627,367,9,16,1,-1,-1,-1
364,46280,712,362,5,7,1,-1,-1,-1
364,46275,578,363,11,15,1,-1,-1,-1
365,46390,670,357,15,15,1,-1,-1,-1
365,46377,817,358,16,10,1,-1,-1,-1
365,46360,770,357,30,12,1,-1,-1,-1
365,46340,651,363,11,8,1,-1,-1,-1
365,46318,627,366,8,16,1,-1,-1,-1
365,46280,712,361,6,7,1,-1,-1,-1
365,46275,570,362,16,16,1,-1,-1,-1
366,46390,670,357,14,14,1,-1,-1,-1
366,46360,769,357,30,11,1,-1,-1,-1
366,46318,625,366,9,16,1,-1,-1,-1
366,46280,712,361,6,7,1,-1,-1,-1
366,46275,566,362,16,15,1,-1,-1,-1
367,46390,669,356,15,15,1,-1,-1,-1
367,46379,684,357,10,10,1,-1,-1,-1
367,46360,769,356,29,12,1,-1,-1,-1
367,46340,650,362,12,8,1,-1,-1,-1
367,46318,624,365,9,17,1,-1,-1,-1
367,46280,712,360,4,8,1,-1,-1,-1
367,46275,563,361,16,16,1,-1,-1,-1
368,46390,669,356,15,14,1,-1,-1,-1
368,46379,684,356,12,10,1,-1,-1,-1
368,46360,769,356,29,12,1,-1,-1,-1
368,46340,650,362,11,8,1,-1,-1,-1
368,46318,623,365,9,17,1,-1,-1,-1
368,46280,711,360,5,8,1,-1,-1,-1
368,46275,559,361,16,16,1,-1,-1,-1
369,46390,669,356,15,15,1,-1,-1,-1
369,46379,684,357,13,10,1,-1,-1,-1
369,46360,769,356,22,12,1,-1,-1,-1
369,46340,650,362,11,8,1,-1,-1,-1
369,46318,622,366,9,17,1,-1,-1,-1
369,46280,710,360,6,7,1,-1,-1,-1
369,46275,555,361,16,16,1,-1,-1,-1
370,46390,669,357,15,14,1,-1,-1,-1
370,46379,684,357,14,10,1,-1,-1,-1
370,46360,769,357,23,11,1,-1,-1,-1
370,46340,650,362,11,9,1,-1,-1,-1
370,46318,621,366,10,17,1,-1,-1,-1
370,46280,712,361,4,7,1,-1,-1,-1
370,46275,552,362,15,15,1,-1,-1,-1
371,46390,669,357,15,14,1,-1,-1,-1
371,46379,684,357,15,10,1,-1,-1,-1
371,46360,769,357,23,12,1,-1,-1,-1
371,46340,649,363,12,8,1,-1,-1,-1
371,46318,621,366,9,18,1,-1,-1,-1
371,46280,707,361,7,8,1,-1,-1,-1
371,46275,548,362,16,16,1,-1,-1,-1
372,46390,671,357,15,14,1,-1,-1,-1
372,46379,686,357,16,10,1,-1,-1,-1
372,46360,772,357,24,11,1,-1,-1,-1
372,46340,652,363,11,8,1,-1,-1,-1
372,46318,623,367,9,17,1,-1,-1,-1
372,46280,713,361,5,8,1,-1,-1,-1
372,46275,547,362,17,15,1,-1,-1,-1
373,46390,678,357,15,14,1,-1,-1,-1
373,46379,693,357,15,10,1,-1,-1,-1
373,46360,779,356,24,12,1,-1,-1,-1
373,46340,658,363,11,8,1,-1,-1,-1
373,46318,628,367,10,18,1,-1,-1,-1
373,46280,719,361,5,8,1,-1,-1,-1
373,46275,550,363,17,15,1,-1,-1,-1
374,46390,685,357,15,14,1,-1,-1,-1
374,46379,700,357,15,10,1,-1,-1,-1
374,46360,784,356,26,12,1,-1,-1,-1
374,46340,664,363,12,8,1,-1,-1,-1
374,46318,635,367,10,18,1,-1,-1,-1
374,46280,723,361,7,8,1,-1,-1,-1
374,46275,554,363,16,16,1,-1,-1,-1
375,46390,691,357,15,15,1,-1,-1,-1
375,46379,706,357,16,10,1,-1,-1,-1
375,46360,791,356,26,12,1,-1,-1,-1
375,46340,671,363,12,9,1,-1,-1,-1
375,46318,641,367,10,18,1,-1,-1,-1
375,46280,733,361,2,7,1,-1,-1,-1
375,46275,557,363,16,16,1,-1,-1,-1
376,46390,697,358,16,14,1,-1,-1,-1
376,46379,714,358,17,10,1,-1,-1,-1
376,46360,797,357,26,11,1,-1,-1,-1
376,46340,677,364,12,8,1,-1,-1,-1
376,46318,647,368,10,18,1,-1,-1,-1
376,46280,740,363,2,6,1,-1,-1,-1
376,46275,562,364,13,16,1,-1,-1,-1
377,46390,703,358,16,15,1,-1,-1,-1
377,46379,721,359,17,10,1,-1,-1,-1
377,46360,802,358,26,11,1,-1,-1,-1
377,46340,683,364,11,9,1,-1,-1,-1
377,46318,652,368,11,19,1,-1,-1,-1
377,46280,740,364,8,5,1,-1,-1,-1
377,46275,565,364,13,15,1,-1,-1,-1
378,46390,709,359,15,15,1,-1,-1,-1
378,46379,728,359,17,10,1,-1,-1,-1
378,46360,808,358,26,12,1,-1,-1,-1
378,46340,688,365,12,9,1,-1,-1,-1
378,46318,658,369,10,19,1,-1,-1,-1
378,46280,746,364,6,6,1,-1,-1,-1
378,46275,570,365,9,16,1,-1,-1,-1
379,46390,714,359,16,15,1,-1,-1,-1
379,46379,735,359,17,10,1,-1,-1,-1
379,46360,812,358,22,12,1,-1,-1,-1
379,46340,693,365,12,9,1,-1,-1,-1
379,46318,662,369,11,20,1,-1,-1,-1
379,46280,750,366,4,4,1,-1,-1,-1
379,46275,570,365,11,16,1,-1,-1,-1
380,46390,719,359,15,15,1,-1,-1,-1
380,46379,741,359,17,10,1,-1,-1,-1
380,46360,817,358,23,12,1,-1,-1,-1
380,46340,697,365,13,9,1,-1,-1,-1
380,46318,667,369,10,20,1,-1,-1,-1
380,46280,754,363,9,7,1,-1,-1,-1
380,46275,571,365,11,15,1,-1,-1,-1
381,46390,723,358,16,15,1,-1,-1,-1
381,46379,747,358,15,10,1,-1,-1,-1
381,46360,815,357,31,13,1,-1,-1,-1
381,46340,702,364,12,9,1,-1,-1,-1
381,46318,671,368,11,20,1,-1,-1,-1
381,46280,758,362,9,8,1,-1,-1,-1
381,46275,570,364,7,8,1,-1,-1,-1
382,46390,727,357,16,15,1,-1,-1,-1
382,46379,753,357,17,10,1,-1,-1,-1
382,46360,818,356,33,12,1,-1,-1,-1
382,46340,706,363,12,9,1,-1,-1,-1
382,46318,674,368,11,20,1,-1,-1,-1
382,46280,762,361,6,8,1,-1,-1,-1
382,46275,570,363,7,8,1,-1,-1,-1
383,46390,731,356,16,15,1,-1,-1,-1
383,46379,758,357,17,10,1,-1,-1,-1
383,46360,822,356,32,12,1,-1,-1,-1
383,46340,709,363,13,9,1,-1,-1,-1
383,46318,677,367,12,20,1,-1,-1,-1
383,46280,766,361,5,7,1,-1,-1,-1
383,46275,570,362,7,10,1,-1,-1,-1
384,46390,734,357,16,15,1,-1,-1,-1
384,46379,763,358,18,8,1,-1,-1,-1
384,46360,826,357,31,12,1,-1,-1,-1
384,46340,712,363,13,10,1,-1,-1,-1
384,46318,681,368,11,21,1,-1,-1,-1
384,46280,768,362,6,7,1,-1,-1,-1
384,46275,569,363,7,9,1,-1,-1,-1
385,46390,740,358,16,15,1,-1,-1,-1
385,46379,771,358,17,9,1,-1,-1,-1
385,46360,830,357,33,13,1,-1,-1,-1
385,46340,718,364,12,10,1,-1,-1,-1
385,46318,686,369,11,21,1,-1,-1,-1
385,46280,774,362,6,9,1,-1,-1,-1
385,46275,571,364,9,10,1,-1,-1,-1
386,46390,748,358,16,16,1,-1,-1,-1
386,46360,837,357,34,13,1,-1,-1,-1
386,46340,725,365,13,9,1,-1,-1,-1
386,46318,693,370,12,21,1,-1,-1,-1
386,46280,782,363,6,7,1,-1,-1,-1
386,46275,575,365,7,9,1,-1,-1,-1
387,46390,759,358,16,16,1,-1,-1,-1
387,46360,849,357,34,13,1,-1,-1,-1
387,46340,736,365,13,9,1,-1,-1,-1
387,46318,704,370,12,22,1,-1,-1,-1
387,46280,795,362,5,8,1,-1,-1,-1
387,46275,578,366,10,10,1,-1,-1,-1
388,46390,773,358,16,16,1,-1,-1,-1
388,46360,863,357,35,13,1,-1,-1,-1
388,46340,750,365,13,10,1,-1,-1,-1
388,46318,717,370,13,23,1,-1,-1,-1
388,46280,808,362,6,9,1,-1,-1,-1
388,46275,588,372,12,5,1,-1,-1,-1
389,46390,787,359,17,15,1,-1,-1,-1
389,46360,877,357,36,13,1,-1,-1,-1
389,46340,764,365,13,10,1,-1,-1,-1
389,46318,731,371,13,23,1,-1,-1,-1
389,46280,823,362,6,9,1,-1,-1,-1
389,46275,599,367,6,11,1,-1,-1,-1
390,46390,804,358,17,16,1,-1,-1,-1
390,46360,895,356,36,14,1,-1,-1,-1
390,46340,780,365,14,10,1,-1,-1,-1
390,46318,748,371,13,24,1,-1,-1,-1
390,46280,840,362,7,9,1,-1,-1,-1
390,46275,607,367,14,15,1,-1,-1,-1
391,46390,824,358,17,16,1,-1,-1,-1
391,46360,918,356,35,14,1,-1,-1,-1
391,46340,799,365,15,10,1,-1,-1,-1
391,46318,767,371,14,24,1,-1,-1,-1
391,46280,863,362,4,8,1,-1,-1,-1
391,46275,625,368,9,12,1,-1,-1,-1
392,46390,847,357,18,17,1,-1,-1,-1
392,46360,940,354,39,15,1,-1,-1,-1
392,46340,823,365,14,10,1,-1,-1,-1
392,46318,790,371,14,25,1,-1,-1,-1
392,46280,886,361,6,8,1,-1,-1,-1
392,46275,642,368,7,9,1,-1,-1,-1
393,46390,877,355,18,17,1,-1,-1,-1
393,46360,972,351,41,16,1,-1,-1,-1
393,46340,851,363,15,10,1,-1,-1,-1
393,46318,819,369,14,26,1,-1,-1,-1
393,46280,915,359,7,8,1,-1,-1,-1
393,46275,660,367,16,14,1,-1,-1,-1
394,46390,910,352,19,18,1,-1,-1,-1
394,46360,1008,348,43,16,1,-1,-1,-1
394,46340,884,361,15,10,1,-1,-1,-1
394,46318,851,367,16,27,1,-1,-1,-1
394,46280,950,356,8,10,1,-1,-1,-1
394,46275,686,372,4,4,1,-1,-1,-1
395,46390,947,349,20,18,1,-1,-1,-1
395,46360,1049,344,45,17,1,-1,-1,-1
395,46340,919,357,17,12,1,-1,-1,-1
395,46318,887,365,17,27,1,-1,-1,-1
395,46280,988,353,9,10,1,-1,-1,-1
395,46275,713,364,7,12,1,-1,-1,-1
396,46390,986,346,21,18,1,-1,-1,-1
396,46360,1093,340,50,17,1,-1,-1,-1
396,46340,956,354,18,12,1,-1,-1,-1
396,46318,925,362,18,29,1,-1,-1,-1
396,46280,1031,349,7,11,1,-1,-1,-1
396,46275,738,361,11,12,1,-1,-1,-1
397,46390,1028,342,23,19,1,-1,-1,-1
397,46379,1097,339,31,13,1,-1,-1,-1
397,46360,1141,335,54,19,1,-1,-1,-1
397,46340,997,351,19,12,1,-1,-1,-1
397,46318,967,359,19,30,1,-1,-1,-1
397,46280,1075,345,10,11,1,-1,-1,-1
397,46275,769,359,12,11,1,-1,-1,-1
398,46390,1073,338,24,19,1,-1,-1,-1
398,46360,1192,331,59,19,1,-1,-1,-1
398,46340,1039,347,21,13,1,-1,-1,-1
398,46318,1010,356,21,32,1,-1,-1,-1
398,46280,1122,341,11,12,1,-1,-1,-1
398,46275,795,356,14,12,1,-1,-1,-1
399,46390,1121,333,26,21,1,-1,-1,-1
399,46360,1248,327,31,19,1,-1,-1,-1
399,46340,1085,344,22,13,1,-1,-1,-1
399,46318,1057,352,23,34,1,-1,-1,-1
399,46280,1174,337,12,12,1,-1,-1,-1
399,46275,825,353,17,17,1,-1,-1,-1
400,46390,1171,330,30,22,1,-1,-1,-1
400,46374,0,374,52,58,1,-1,-1,-1
400,46340,1133,341,24,14,1,-1,-1,-1
400,46318,1108,350,25,36,1,-1,-1,-1
400,46280,1228,334,15,12,1,-1,-1,-1
400,46275,855,351,16,18,1,-1,-1,-1
401,46390,1226,326,32,23,1,-1,-1,-1
401,46388,0,381,16,29,1,-1,-1,-1
401,46374,10,373,86,60,1,-1,-1,-1
401,46340,1185,337,27,15,1,-1,-1,-1
401,46318,1162,347,28,39,1,-1,-1,-1
401,46275,884,349,17,19,1,-1,-1,-1
402,46388,40,379,22,28,1,-1,-1,-1
402,46382,0,393,22,22,1,-1,-1,-1
402,46374,56,371,80,58,1,-1,-1,-1
402,46340,1240,335,29,15,1,-1,-1,-1
402,46318,1221,345,32,42,1,-1,-1,-1
402,46308,3,391,8,5,1,-1,-1,-1
402,46275,915,348,20,19,1,-1,-1,-1
403,46388,88,378,17,27,1,-1,-1,-1
403,46382,0,380,73,33,1,-1,-1,-1
403,46374,100,370,74,56,1,-1,-1,-1
403,46308,55,389,6,4,1,-1,-1,-1
403,46275,947,346,21,20,1,-1,-1,-1
404,46388,131,377,13,26,1,-1,-1,-1
404,46382,0,378,119,37,1,-1,-1,-1
404,46374,139,369,70,55,1,-1,-1,-1
404,46275,982,345,19,20,1,-1,-1,-1
405,46388,172,376,9,25,1,-1,-1,-1
405,46382,45,377,117,36,1,-1,-1,-1
405,46374,177,369,65,53,1,-1,-1,-1
405,46308,143,386,5,4,1,-1,-1,-1
405,46275,1021,344,16,21,1,-1,-1,-1
406,46382,91,375,111,35,1,-1,-1,-1
406,46374,211,367,62,52,1,-1,-1,-1
406,46275,1057,344,16,21,1,-1,-1,-1
407,46382,136,374,104,34,1,-1,-1,-1
407,46374,245,367,59,50,1,-1,-1,-1
407,46275,1101,342,12,20,1,-1,-1,-1
408,46382,180,372,99,33,1,-1,-1,-1
408,46374,280,365,56,50,1,-1,-1,-1
409,46382,221,370,94,32,1,-1,-1,-1
409,46374,313,364,53,48,1,-1,-1,-1
410,46382,256,368,87,31,1,-1,-1,-1
410,46374,341,362,52,48,1,-1,-1,-1
411,46382,291,367,80,30,1,-1,-1,-1
411,46374,369,361,50,47,1,-1,-1,-1
412,46382,324,365,75,30,1,-1,-1,-1
412,46374,397,359,48,47,1,-1,-1,-1
413,46382,355,363,69,30,1,-1,-1,-1
413,46374,423,358,47,46,1,-1,-1,-1
413,46343,0,393,50,12,1,-1,-1,-1
414,46382,382,362,64,30,1,-1,-1,-1
414,46374,445,357,46,46,1,-1,-1,-1
414,46343,15,390,74,14,1,-1,-1,-1
415,46382,405,361,60,29,1,-1,-1,-1
415,46374,465,356,45,46,1,-1,-1,-1
415,46343,52,387,67,15,1,-1,-1,-1
416,46382,428,360,56,29,1,-1,-1,-1
416,46374,483,355,46,46,1,-1,-1,-1
416,46345,19,388,31,4,1,-1,-1,-1
416,46343,87,386,58,14,1,-1,-1,-1
417,46382,450,360,52,28,1,-1,-1,-1
417,46374,501,355,45,45,1,-1,-1,-1
417,46345,47,386,32,4,1,-1,-1,-1
417,46343,119,384,50,15,1,-1,-1,-1
418,46382,469,359,48,28,1,-1,-1,-1
418,46374,517,354,45,46,1,-1,-1,-1
418,46343,144,382,44,16,1,-1,-1,-1
419,46382,486,358,45,29,1,-1,-1,-1
419,46374,531,353,44,46,1,-1,-1,-1
419,46343,155,380,53,16,1,-1,-1,-1
420,46382,502,358,42,28,1,-1,-1,-1
420,46374,545,353,44,46,1,-1,-1,-1
420,46343,176,379,54,16,1,-1,-1,-1
421,46382,518,357,39,28,1,-1,-1,-1
421,46374,557,352,45,46,1,-1,-1,-1
421,46343,197,377,51,17,1,-1,-1,-1
422,46382,532,356,36,28,1,-1,-1,-1
422,46374,568,352,45,46,1,-1,-1,-1
422,46343,215,376,47,17,1,-1,-1,-1
423,46382,544,356,33,28,1,-1,-1,-1
423,46374,578,352,44,46,1,-1,-1,-1
423,46343,229,374,42,17,1,-1,-1,-1
424,46382,555,355,30,29,1,-1,-1,-1
424,46380,630,357,14,13,1,-1,-1,-1
424,46374,585,351,45,46,1,-1,-1,-1
424,46345,118,375,41,5,1,-1,-1,-1
424,46343,240,373,37,16,1,-1,-1,-1
425,46382,564,355,27,28,1,-1,-1,-1
425,46380,636,357,16,12,1,-1,-1,-1
425,46374,592,351,44,46,1,-1,-1,-1
425,46343,250,372,48,12,1,-1,-1,-1
426,46382,572,355,24,28,1,-1,-1,-1
426,46380,642,357,23,12,1,-1,-1,-1
426,46374,597,351,45,46,1,-1,-1,-1
426,46345,123,373,30,4,1,-1,-1,-1
426,46343,260,371,24,7,1,-1,-1,-1
427,46382,580,355,20,28,1,-1,-1,-1
427,46380,646,357,25,13,1,-1,-1,-1
427,46374,601,351,45,47,1,-1,-1,-1
427,46345,122,372,32,5,1,-1,-1,-1
428,46382,586,355,18,28,1,-1,-1,-1
428,46380,650,357,25,13,1,-1,-1,-1
428,46374,604,351,45,47,1,-1,-1,-1
428,46345,120,372,34,4,1,-1,-1,-1
429,46382,592,355,14,28,1,-1,-1,-1
429,46380,656,357,22,13,1,-1,-1,-1
429,46374,607,351,45,47,1,-1,-1,-1
429,46345,117,371,36,5,1,-1,-1,-1
430,46382,597,355,11,28,1,-1,-1,-1
430,46380,663,357,17,12,1,-1,-1,-1
430,46374,609,351,46,47,1,-1,-1,-1
430,46345,113,370,35,6,1,-1,-1,-1
430,46308,594,364,3,15,1,-1,-1,-1
431,46382,602,355,8,28,1,-1,-1,-1
431,46380,670,357,12,11,1,-1,-1,-1
431,46374,611,351,46,47,1,-1,-1,-1
431,46345,87,370,57,15,1,-1,-1,-1
431,46308,595,364,7,16,1,-1,-1,-1
432,46374,612,351,46,48,1,-1,-1,-1
432,46345,76,370,61,17,1,-1,-1,-1
432,46308,597,364,6,16,1,-1,-1,-1
433,46374,613,351,46,48,1,-1,-1,-1
433,46345,65,369,65,18,1,-1,-1,-1
433,46308,597,364,7,16,1,-1,-1,-1
434,46374,614,351,46,48,1,-1,-1,-1
434,46345,54,369,68,18,1,-1,-1,-1
434,46308,598,364,6,16,1,-1,-1,-1
435,46374,614,351,47,48,1,-1,-1,-1
435,46345,51,369,63,17,1,-1,-1,-1
435,46343,350,376,18,11,1,-1,-1,-1
435,46308,598,364,7,16,1,-1,-1,-1
436,46374,615,351,47,48,1,-1,-1,-1
436,46345,32,368,73,17,1,-1,-1,-1
436,46343,347,374,21,13,1,-1,-1,-1
436,46308,599,364,6,16,1,-1,-1,-1
437,46374,615,351,48,49,1,-1,-1,-1
437,46345,22,368,74,15,1,-1,-1,-1
437,46343,319,374,53,14,1,-1,-1,-1
437,46308,599,364,6,16,1,-1,-1,-1
438,46374,615,351,48,49,1,-1,-1,-1
438,46345,11,368,75,17,1,-1,-1,-1
438,46343,343,368,31,20,1,-1,-1,-1
438,46308,599,364,7,16,1,-1,-1,-1
439,46374,615,351,49,49,1,-1,-1,-1
439,46345,0,367,77,19,1,-1,-1,-1
439,46343,336,367,40,21,1,-1,-1,-1
439,46308,599,364,7,17,1,-1,-1,-1
440,46374,615,350,49,50,1,-1,-1,-1
440,46345,0,367,67,19,1,-1,-1,-1
440,46343,331,367,47,21,1,-1,-1,-1
440,46308,599,364,7,17,1,-1,-1,-1
441,46374,615,350,49,50,1,-1,-1,-1
441,46345,19,367,38,15,1,-1,-1,-1
441,46343,327,367,52,21,1,-1,-1,-1
441,46308,598,364,7,17,1,-1,-1,-1
442,46374,615,350,49,51,1,-1,-1,-1
442,46345,7,367,39,16,1,-1,-1,-1
442,46343,309,367,70,21,1,-1,-1,-1
442,46308,598,365,7,16,1,-1,-1,-1
443,46374,615,350,50,51,1,-1,-1,-1
443,46345,0,367,20,15,1,-1,-1,-1
443,46343,303,367,80,22,1,-1,-1,-1
443,46308,598,364,7,17,1,-1,-1,-1
444,46374,615,350,50,51,1,-1,-1,-1
444,46345,0,368,12,14,1,-1,-1,-1
444,46343,316,367,68,22,1,-1,-1,-1
444,46308,598,364,7,17,1,-1,-1,-1
445,46374,615,350,50,52,1,-1,-1,-1
445,46343,312,367,74,22,1,-1,-1,-1
445,46308,598,364,7,18,1,-1,-1,-1
446,46374,615,350,50,52,1,-1,-1,-1
446,46343,308,367,80,22,1,-1,-1,-1
446,46308,597,365,7,17,1,-1,-1,-1
447,46374,615,350,50,52,1,-1,-1,-1
447,46343,306,367,83,23,1,-1,-1,-1
447,46308,597,365,7,17,1,-1,-1,-1
448,46374,614,350,52,52,1,-1,-1,-1
448,46343,307,367,84,23,1,-1,-1,-1
448,46308,596,365,8,17,1,-1,-1,-1
449,46374,614,350,52,53,1,-1,-1,-1
449,46343,314,368,78,22,1,-1,-1,-1
449,46308,596,365,7,17,1,-1,-1,-1
450,46374,614,350,52,53,1,-1,-1,-1
450,46343,310,367,82,24,1,-1,-1,-1
450,46308,596,365,7,18,1,-1,-1,-1
451,46413,562,360,15,9,1,-1,-1,-1
451,46374,614,350,52,53,1,-1,-1,-1
451,46343,309,367,86,24,1,-1,-1,-1
451,46308,595,365,8,18,1,-1,-1,-1
452,46413,562,360,18,9,1,-1,-1,-1
452,46374,614,350,52,54,1,-1,-1,-1
452,46343,310,367,87,24,1,-1,-1,-1
452,46308,594,365,8,18,1,-1,-1,-1
453,46413,561,360,23,12,1,-1,-1,-1
453,46374,614,350,52,54,1,-1,-1,-1
453,46343,311,367,88,25,1,-1,-1,-1
453,46308,594,365,8,18,1,-1,-1,-1
454,46413,561,360,27,12,1,-1,-1,-1
454,46374,613,350,54,54,1,-1,-1,-1
454,46343,312,368,89,24,1,-1,-1,-1
454,46308,593,365,8,19,1,-1,-1,-1
455,46413,564,360,28,12,1,-1,-1,-1
455,46374,613,350,54,54,1,-1,-1,-1
455,46343,313,368,89,24,1,-1,-1,-1
455,46308,593,365,8,19,1,-1,-1,-1
456,46413,568,360,27,12,1,-1,-1,-1
456,46374,613,350,54,55,1,-1,-1,-1
456,46343,314,368,90,25,1,-1,-1,-1
456,46308,592,365,9,19,1,-1,-1,-1
457,46413,571,360,28,12,1,-1,-1,-1
457,46374,613,350,54,55,1,-1,-1,-1
457,46343,314,368,92,25,1,-1,-1,-1
457,46308,592,365,8,20,1,-1,-1,-1
458,46413,575,360,29,12,1,-1,-1,-1
458,46374,613,350,54,55,1,-1,-1,-1
458,46343,315,368,92,25,1,-1,-1,-1
458,46308,591,365,9,20,1,-1,-1,-1
459,46413,579,360,29,12,1,-1,-1,-1
459,46374,612,349,55,57,1,-1,-1,-1
459,46343,315,368,93,26,1,-1,-1,-1
459,46308,590,365,9,20,1,-1,-1,-1
460,46413,583,360,29,12,1,-1,-1,-1
460,46374,612,349,56,57,1,-1,-1,-1
460,46343,315,368,94,26,1,-1,-1,-1
460,46308,590,365,9,20,1,-1,-1,-1
461,46413,587,360,24,12,1,-1,-1,-1
461,46374,612,349,56,57,1,-1,-1,-1
461,46343,315,368,95,26,1,-1,-1,-1
461,46308,589,365,9,21,1,-1,-1,-1
462,46413,591,359,20,13,1,-1,-1,-1
462,46374,612,349,56,57,1,-1,-1,-1
462,46343,315,368,97,27,1,-1,-1,-1
462,46308,589,365,9,21,1,-1,-1,-1
463,46413,595,359,16,13,1,-1,-1,-1
463,46374,612,348,56,58,1,-1,-1,-1
463,46343,315,367,98,28,1,-1,-1,-1
463,46308,588,365,9,21,1,-1,-1,-1
464,46413,599,359,12,13,1,-1,-1,-1
464,46374,612,348,56,58,1,-1,-1,-1
464,46343,316,367,98,28,1,-1,-1,-1
464,46308,587,364,10,22,1,-1,-1,-1
465,46413,603,359,8,13,1,-1,-1,-1
465,46374,611,348,57,58,1,-1,-1,-1
465,46343,316,367,100,28,1,-1,-1,-1
465,46308,587,365,9,21,1,-1,-1,-1
466,46374,611,348,57,58,1,-1,-1,-1
466,46343,318,367,100,29,1,-1,-1,-1
466,46308,586,364,10,22,1,-1,-1,-1
467,46374,611,348,57,58,1,-1,-1,-1
467,46343,319,367,99,29,1,-1,-1,-1
467,46308,586,364,9,23,1,-1,-1,-1
468,46374,611,348,57,58,1,-1,-1,-1
468,46343,320,367,95,29,1,-1,-1,-1
468,46308,585,364,10,23,1,-1,-1,-1
469,46374,611,348,58,58,1,-1,-1,-1
469,46343,321,367,104,30,1,-1,-1,-1
469,46308,584,364,10,24,1,-1,-1,-1
470,46374,611,348,58,58,1,-1,-1,-1
470,46343,322,368,105,30,1,-1,-1,-1
470,46308,583,365,11,23,1,-1,-1,-1
471,46374,611,348,58,59,1,-1,-1,-1
471,46343,322,368,107,30,1,-1,-1,-1
471,46308,583,365,10,24,1,-1,-1,-1
472,46374,611,348,58,59,1,-1,-1,-1
472,46343,323,368,107,31,1,-1,-1,-1
472,46308,582,365,10,24,1,-1,-1,-1
473,46374,611,348,58,59,1,-1,-1,-1
473,46343,324,368,108,31,1,-1,-1,-1
473,46308,582,365,10,25,1,-1,-1,-1
474,46374,611,348,58,59,1,-1,-1,-1
474,46343,324,368,110,32,1,-1,-1,-1
474,46308,581,365,11,25,1,-1,-1,-1
475,46374,610,348,59,59,1,-1,-1,-1
475,46343,326,368,110,33,1,-1,-1,-1
475,46308,581,365,10,25,1,-1,-1,-1
476,46413,670,359,14,13,1,-1,-1,-1
476,46374,610,347,59,60,1,-1,-1,-1
476,46343,327,368,111,34,1,-1,-1,-1
476,46308,580,365,11,26,1,-1,-1,-1
477,46413,670,359,18,13,1,-1,-1,-1
477,46374,610,347,59,61,1,-1,-1,-1
477,46343,328,369,113,33,1,-1,-1,-1
477,46308,580,365,10,26,1,-1,-1,-1
478,46413,670,359,18,13,1,-1,-1,-1
478,46374,610,347,59,61,1,-1,-1,-1
478,46343,330,369,114,34,1,-1,-1,-1
478,46308,579,365,11,26,1,-1,-1,-1
479,46413,670,359,30,13,1,-1,-1,-1
479,46374,610,347,59,61,1,-1,-1,-1
479,46343,332,369,115,35,1,-1,-1,-1
479,46308,578,366,11,25,1,-1,-1,-1
480,46413,674,359,26,13,1,-1,-1,-1
480,46374,610,347,60,61,1,-1,-1,-1
480,46343,334,369,117,35,1,-1,-1,-1
480,46308,577,365,12,27,1,-1,-1,-1
481,46413,679,359,21,13,1,-1,-1,-1
481,46374,610,347,60,61,1,-1,-1,-1
481,46343,337,369,117,36,1,-1,-1,-1
481,46308,577,365,12,27,1,-1,-1,-1
482,46413,684,359,16,13,1,-1,-1,-1
482,46374,610,347,60,61,1,-1,-1,-1
482,46343,339,369,119,37,1,-1,-1,-1
482,46308,576,365,12,27,1,-1,-1,-1
483,46374,610,347,60,61,1,-1,-1,-1
483,46343,342,369,120,37,1,-1,-1,-1
483,46308,576,365,12,28,1,-1,-1,-1
484,46374,610,347,60,61,1,-1,-1,-1
484,46343,356,370,110,37,1,-1,-1,-1
484,46308,575,366,12,27,1,-1,-1,-1
485,46374,609,347,61,62,1,-1,-1,-1
485,46343,350,370,120,38,1,-1,-1,-1
485,46308,575,366,12,28,1,-1,-1,-1
486,46374,609,347,61,62,1,-1,-1,-1
486,46343,351,370,124,39,1,-1,-1,-1
486,46308,574,366,12,28,1,-1,-1,-1
487,46374,609,347,61,62,1,-1,-1,-1
487,46343,355,370,125,40,1,-1,-1,-1
487,46308,573,366,13,28,1,-1,-1,-1
488,46374,609,347,61,62,1,-1,-1,-1
488,46343,360,370,126,41,1,-1,-1,-1
488,46308,573,366,12,29,1,-1,-1,-1
489,46374,609,347,61,62,1,-1,-1,-1
489,46343,365,371,127,41,1,-1,-1,-1
489,46308,572,366,13,29,1,-1,-1,-1
490,46374,609,347,61,62,1,-1,-1,-1
490,46343,370,371,129,42,1,-1,-1,-1
490,46308,572,366,12,29,1,-1,-1,-1
491,46374,609,347,61,62,1,-1,-1,-1
491,46343,376,371,129,44,1,-1,-1,-1
491,46308,571,366,13,30,1,-1,-1,-1
492,46374,609,347,61,62,1,-1,-1,-1
492,46343,382,371,129,45,1,-1,-1,-1
492,46308,570,366,13,30,1,-1,-1,-1
493,46374,609,347,61,62,1,-1,-1,-1
493,46343,388,372,129,46,1,-1,-1,-1
493,46308,570,366,13,30,1,-1,-1,-1
494,46374,609,347,61,62,1,-1,-1,-1
494,46343,394,372,129,47,1,-1,-1,-1
494,46308,569,367,13,30,1,-1,-1,-1
495,46374,609,347,61,62,1,-1,-1,-1
495,46343,399,372,128,49,1,-1,-1,-1
495,46308,568,366,14,31,1,-1,-1,-1
496,46374,609,347,61,62,1,-1,-1,-1
496,46343,404,372,127,51,1,-1,-1,-1
496,46308,568,367,13,31,1,-1,-1,-1
497,46374,609,347,61,62,1,-1,-1,-1
497,46343,409,373,125,53,1,-1,-1,-1
497,46308,567,367,14,31,1,-1,-1,-1
498,46374,609,347,61,62,1,-1,-1,-1
498,46343,414,373,122,55,1,-1,-1,-1
498,46308,567,367,13,31,1,-1,-1,-1
499,46374,609,347,61,63,1,-1,-1,-1
499,46343,417,374,121,57,1,-1,-1,-1
499,46308,565,367,14,32,1,-1,-1,-1
500,46374,609,347,61,63,1,-1,-1,-1
500,46343,421,374,118,59,1,-1,-1,-1
500,46308,565,367,14,32,1,-1,-1,-1
501,46374,609,347,61,63,1,-1,-1,-1
501,46343,424,375,116,61,1,-1,-1,-1
501,46308,564,367,14,33,1,-1,-1,-1
502,46374,609,347,61,63,1,-1,-1,-1
502,46343,427,375,112,65,1,-1,-1,-1
502,46308,563,367,15,33,1,-1,-1,-1
503,46374,609,347,61,63,1,-1,-1,-1
503,46343,429,376,109,68,1,-1,-1,-1
503,46308,563,367,14,34,1,-1,-1,-1
504,46374,609,347,61,63,1,-1,-1,-1
504,46343,430,377,106,71,1,-1,-1,-1
504,46308,562,367,15,34,1,-1,-1,-1
505,46374,609,347,61,63,1,-1,-1,-1
505,46343,430,377,103,75,1,-1,-1,-1
505,46308,561,367,15,34,1,-1,-1,-1
506,46374,609,347,61,62,1,-1,-1,-1
506,46343,429,378,100,79,1,-1,-1,-1
506,46308,560,367,15,35,1,-1,-1,-1
507,46374,609,347,61,62,1,-1,-1,-1
507,46343,419,379,105,83,1,-1,-1,-1
507,46308,560,368,15,34,1,-1,-1,-1
508,46388,671,355,9,20,1,-1,-1,-1
508,46374,609,347,61,62,1,-1,-1,-1
508,46343,403,380,116,88,1,-1,-1,-1
508,46308,559,368,15,35,1,-1,-1,-1
509,46388,671,355,12,20,1,-1,-1,-1
509,46374,609,347,61,62,1,-1,-1,-1
509,46343,389,381,125,94,1,-1,-1,-1
509,46308,558,368,16,35,1,-1,-1,-1
510,46388,671,355,16,20,1,-1,-1,-1
510,46374,609,347,61,62,1,-1,-1,-1
510,46343,371,382,137,100,1,-1,-1,-1
510,46308,558,368,15,36,1,-1,-1,-1
511,46388,670,355,20,20,1,-1,-1,-1
511,46374,609,347,61,62,1,-1,-1,-1
511,46343,352,383,151,108,1,-1,-1,-1
511,46308,556,368,16,36,1,-1,-1,-1
512,46399,537,359,17,6,1,-1,-1,-1
512,46388,670,355,23,20,1,-1,-1,-1
512,46374,609,347,61,62,1,-1,-1,-1
512,46343,329,385,171,116,1,-1,-1,-1
512,46308,556,368,16,37,1,-1,-1,-1
513,46399,536,359,23,12,1,-1,-1,-1
513,46388,670,355,26,20,1,-1,-1,-1
513,46374,609,348,61,61,1,-1,-1,-1
513,46343,302,386,194,126,1,-1,-1,-1
513,46308,555,368,16,37,1,-1,-1,-1
514,46399,536,359,26,12,1,-1,-1,-1
514,46388,670,355,26,20,1,-1,-1,-1
514,46374,609,348,61,61,1,-1,-1,-1
514,46343,271,388,219,137,1,-1,-1,-1
514,46308,554,368,17,38,1,-1,-1,-1
515,46399,536,359,31,15,1,-1,-1,-1
515,46388,670,355,34,21,1,-1,-1,-1
515,46374,609,348,61,61,1,-1,-1,-1
515,46343,232,390,251,151,1,-1,-1,-1
515,46308,554,369,16,37,1,-1,-1,-1
516,46399,535,359,35,14,1,-1,-1,-1
516,46388,670,355,34,21,1,-1,-1,-1
516,46374,610,348,60,61,1,-1,-1,-1
516,46343,183,392,292,169,1,-1,-1,-1
516,46308,552,368,18,39,1,-1,-1,-1
517,46399,538,359,36,16,1,-1,-1,-1
517,46388,670,355,34,21,1,-1,-1,-1
517,46374,610,348,59,60,1,-1,-1,-1
517,46343,121,395,344,194,1,-1,-1,-1
517,46308,552,369,17,38,1,-1,-1,-1
518,46399,541,359,36,16,1,-1,-1,-1
518,46388,670,355,35,21,1,-1,-1,-1
518,46374,610,348,59,60,1,-1,-1,-1
518,46343,40,398,413,227,1,-1,-1,-1
518,46308,551,369,17,39,1,-1,-1,-1
519,46399,545,359,36,16,1,-1,-1,-1
519,46388,670,355,35,21,1,-1,-1,-1
519,46374,610,348,59,60,1,-1,-1,-1
519,46343,0,402,440,273,1,-1,-1,-1
519,46308,550,369,18,40,1,-1,-1,-1
520,46399,548,359,36,16,1,-1,-1,-1
520,46388,670,355,35,21,1,-1,-1,-1
520,46374,610,348,59,60,1,-1,-1,-1
520,46343,0,407,423,312,1,-1,-1,-1
520,46308,549,369,18,40,1,-1,-1,-1
521,46399,551,359,36,16,1,-1,-1,-1
521,46388,671,355,35,21,1,-1,-1,-1
521,46374,610,348,59,60,1,-1,-1,-1
521,46343,0,412,403,307,1,-1,-1,-1
521,46308,548,369,18,41,1,-1,-1,-1
522,46399,555,359,36,16,1,-1,-1,-1
522,46388,675,355,31,21,1,-1,-1,-1
522,46374,610,348,59,59,1,-1,-1,-1
522,46343,0,419,378,300,1,-1,-1,-1
522,46308,548,369,18,42,1,-1,-1,-1
523,46399,557,359,37,16,1,-1,-1,-1
523,46388,678,355,37,21,1,-1,-1,-1
523,46374,610,348,59,59,1,-1,-1,-1
523,46343,0,428,348,291,1,-1,-1,-1
523,46308,546,369,19,43,1,-1,-1,-1
524,46399,560,359,38,16,1,-1,-1,-1
524,46388,681,355,37,21,1,-1,-1,-1
524,46374,611,348,58,59,1,-1,-1,-1
524,46343,0,441,310,278,1,-1,-1,-1
524,46308,546,369,19,44,1,-1,-1,-1
525,46399,564,359,37,16,1,-1,-1,-1
525,46388,684,355,38,21,1,-1,-1,-1
525,46374,611,348,57,59,1,-1,-1,-1
525,46343,0,476,260,243,1,-1,-1,-1
525,46308,545,370,19,44,1,-1,-1,-1
526,46399,567,359,37,17,1,-1,-1,-1
526,46388,687,356,21,20,1,-1,-1,-1
526,46374,611,348,57,59,1,-1,-1,-1
526,46343,0,506,192,213,1,-1,-1,-1
526,46308,544,370,19,45,1,-1,-1,-1
527,46399,570,359,38,17,1,-1,-1,-1
527,46388,692,356,16,21,1,-1,-1,-1
527,46374,611,349,57,58,1,-1,-1,-1
527,46343,0,538,95,181,1,-1,-1,-1
527,46308,542,370,20,46,1,-1,-1,-1
528,46399,574,359,37,17,1,-1,-1,-1
528,46388,695,356,14,17,1,-1,-1,-1
528,46374,611,349,57,58,1,-1,-1,-1
528,46308,541,371,21,46,1,-1,-1,-1
529,46399,577,359,34,17,1,-1,-1,-1
529,46388,699,356,10,17,1,-1,-1,-1
529,46374,611,349,57,57,1,-1,-1,-1
529,46308,541,371,20,47,1,-1,-1,-1
530,46399,581,359,30,17,1,-1,-1,-1
530,46388,706,355,36,18,1,-1,-1,-1
530,46374,611,348,57,58,1,-1,-1,-1
530,46308,539,370,22,48,1,-1,-1,-1
531,46399,585,358,26,17,1,-1,-1,-1
531,46388,707,354,39,18,1,-1,-1,-1
531,46374,612,347,55,57,1,-1,-1,-1
531,46308,538,370,22,48,1,-1,-1,-1
532,46399,588,357,23,17,1,-1,-1,-1
532,46374,612,347,55,56,1,-1,-1,-1
532,46308,537,369,22,50,1,-1,-1,-1
533,46399,592,357,19,17,1,-1,-1,-1
533,46374,612,347,55,56,1,-1,-1,-1
533,46308,536,369,23,51,1,-1,-1,-1
534,46399,596,357,16,17,1,-1,-1,-1
534,46374,612,347,55,56,1,-1,-1,-1
534,46308,536,370,23,51,1,-1,-1,-1
535,46399,600,358,12,17,1,-1,-1,-1
535,46374,612,348,55,55,1,-1,-1,-1
535,46308,535,371,23,52,1,-1,-1,-1
536,46399,603,359,9,17,1,-1,-1,-1
536,46374,613,349,54,55,1,-1,-1,-1
536,46308,534,372,23,53,1,-1,-1,-1
537,46374,613,350,53,54,1,-1,-1,-1
537,46308,533,373,25,55,1,-1,-1,-1
538,46374,613,351,53,54,1,-1,-1,-1
538,46308,533,374,25,56,1,-1,-1,-1
539,46374,613,351,53,54,1,-1,-1,-1
539,46308,532,374,25,58,1,-1,-1,-1
540,46374,613,350,53,54,1,-1,-1,-1
540,46308,532,374,26,59,1,-1,-1,-1
541,46374,613,350,53,53,1,-1,-1,-1
541,46308,532,374,27,61,1,-1,-1,-1
542,46374,614,349,51,53,1,-1,-1,-1
542,46308,532,374,27,62,1,-1,-1,-1
543,46374,614,349,51,53,1,-1,-1,-1
543,46308,533,373,28,65,1,-1,-1,-1
544,46399,666,359,9,16,1,-1,-1,-1
544,46374,614,349,51,52,1,-1,-1,-1
544,46308,533,374,30,66,1,-1,-1,-1
545,46399,666,359,14,17,1,-1,-1,-1
545,46374,614,349,51,52,1,-1,-1,-1
545,46308,533,375,35,68,1,-1,-1,-1
546,46399,665,359,19,18,1,-1,-1,-1
546,46374,614,350,51,51,1,-1,-1,-1
546,46308,534,376,37,71,1,-1,-1,-1
547,46399,665,360,24,17,1,-1,-1,-1
547,46374,614,350,51,51,1,-1,-1,-1
547,46308,535,376,43,74,1,-1,-1,-1
548,46399,665,360,28,17,1,-1,-1,-1
548,46374,615,350,49,51,1,-1,-1,-1
548,46308,538,377,46,77,1,-1,-1,-1
549,46399,665,359,33,18,1,-1,-1,-1
549,46374,615,350,49,51,1,-1,-1,-1
549,46308,540,377,52,80,1,-1,-1,-1
550,46399,665,359,38,18,1,-1,-1,-1
550,46374,615,350,49,50,1,-1,-1,-1
550,46308,544,378,58,83,1,-1,-1,-1
551,46399,667,359,38,17,1,-1,-1,-1
551,46374,615,349,49,51,1,-1,-1,-1
551,46308,549,378,67,87,1,-1,-1,-1
552,46399,672,359,40,18,1,-1,-1,-1
552,46374,615,349,49,50,1,-1,-1,-1
552,46308,556,379,74,91,1,-1,-1,-1
553,46399,676,359,41,18,1,-1,-1,-1
553,46374,615,350,49,49,1,-1,-1,-1
553,46308,563,380,86,95,1,-1,-1,-1
554,46399,681,359,37,18,1,-1,-1,-1
554,46374,616,350,48,49,1,-1,-1,-1
554,46308,573,382,97,99,1,-1,-1,-1
555,46399,686,359,32,18,1,-1,-1,-1
555,46374,616,350,47,49,1,-1,-1,-1
555,46342,520,364,26,12,1,-1,-1,-1
555,46308,585,383,109,103,1,-1,-1,-1
556,46399,691,359,28,18,1,-1,-1,-1
556,46374,616,350,47,49,1,-1,-1,-1
556,46342,519,364,30,12,1,-1,-1,-1
556,46308,599,384,121,108,1,-1,-1,-1
557,46399,696,359,23,17,1,-1,-1,-1
557,46374,616,350,47,48,1,-1,-1,-1
557,46342,519,364,33,13,1,-1,-1,-1
557,46308,615,384,136,113,1,-1,-1,-1
558,46399,700,358,19,17,1,-1,-1,-1
558,46374,616,349,47,48,1,-1,-1,-1
558,46342,518,363,38,14,1,-1,-1,-1
558,46308,634,385,149,116,1,-1,-1,-1
559,46374,616,349,47,47,1,-1,-1,-1
559,46342,518,362,41,15,1,-1,-1,-1
559,46308,656,385,160,120,1,-1,-1,-1
560,46374,617,348,46,47,1,-1,-1,-1
560,46342,519,362,43,14,1,-1,-1,-1
560,46308,680,386,171,123,1,-1,-1,-1
561,46374,617,348,45,47,1,-1,-1,-1
561,46342,524,362,42,14,1,-1,-1,-1
561,46308,706,387,181,126,1,-1,-1,-1
562,46374,617,348,45,47,1,-1,-1,-1
562,46342,525,362,44,14,1,-1,-1,-1
562,46308,735,388,189,129,1,-1,-1,-1
563,46374,617,348,45,47,1,-1,-1,-1
563,46342,529,362,43,15,1,-1,-1,-1
563,46308,767,389,195,133,1,-1,-1,-1
564,46374,617,349,45,46,1,-1,-1,-1
564,46342,531,363,44,14,1,-1,-1,-1
564,46308,800,390,202,136,1,-1,-1,-1
565,46374,617,350,45,46,1,-1,-1,-1
565,46342,534,364,45,14,1,-1,-1,-1
565,46308,836,392,209,139,1,-1,-1,-1
566,46382,662,355,7,24,1,-1,-1,-1
566,46374,618,351,43,45,1,-1,-1,-1
566,46342,537,365,45,14,1,-1,-1,-1
566,46308,874,394,215,143,1,-1,-1,-1
567,46382,662,356,9,23,1,-1,-1,-1
567,46374,618,352,43,45,1,-1,-1,-1
567,46342,541,366,44,15,1,-1,-1,-1
567,46308,915,396,221,147,1,-1,-1,-1
568,46382,662,357,12,24,1,-1,-1,-1
568,46374,618,353,43,45,1,-1,-1,-1
568,46342,541,367,47,15,1,-1,-1,-1
568,46308,958,398,229,151,1,-1,-1,-1
569,46382,662,358,15,24,1,-1,-1,-1
569,46374,618,354,43,45,1,-1,-1,-1
569,46342,542,368,50,15,1,-1,-1,-1
569,46308,1005,401,235,155,1,-1,-1,-1
570,46382,662,359,19,25,1,-1,-1,-1
570,46374,618,355,43,44,1,-1,-1,-1
570,46342,546,369,49,14,1,-1,-1,-1
570,46308,1055,403,224,161,1,-1,-1,-1
571,46382,661,359,24,26,1,-1,-1,-1
571,46374,618,356,43,44,1,-1,-1,-1
571,46342,549,369,49,15,1,-1,-1,-1
571,46308,1110,405,169,165,1,-1,-1,-1
572,46382,661,360,28,25,1,-1,-1,-1
572,46374,618,356,43,44,1,-1,-1,-1
572,46342,552,370,49,15,1,-1,-1,-1
572,46308,1170,407,109,172,1,-1,-1,-1
573,46382,661,360,32,26,1,-1,-1,-1
573,46374,618,357,43,43,1,-1,-1,-1
573,46342,555,370,49,16,1,-1,-1,-1
573,46308,1236,493,43,96,1,-1,-1,-1
574,46382,661,360,36,26,1,-1,-1,-1
574,46374,618,357,43,43,1,-1,-1,-1
574,46342,558,370,49,16,1,-1,-1,-1
575,46382,661,360,40,25,1,-1,-1,-1
575,46374,618,356,43,44,1,-1,-1,-1
575,46342,561,370,48,15,1,-1,-1,-1
576,46382,661,359,45,25,1,-1,-1,-1
576,46374,618,356,43,43,1,-1,-1,-1
576,46342,565,369,47,16,1,-1,-1,-1
577,46382,661,358,49,26,1,-1,-1,-1
577,46374,619,355,41,43,1,-1,-1,-1
577,46342,568,369,46,16,1,-1,-1,-1
578,46382,661,358,52,26,1,-1,-1,-1
578,46374,619,355,41,43,1,-1,-1,-1
578,46342,571,368,45,17,1,-1,-1,-1
579,46382,661,359,52,26,1,-1,-1,-1
579,46374,619,356,41,42,1,-1,-1,-1
579,46342,574,369,43,17,1,-1,-1,-1
580,46382,661,360,53,26,1,-1,-1,-1
580,46374,619,357,41,43,1,-1,-1,-1
580,46342,577,371,41,17,1,-1,-1,-1
581,46382,661,361,66,26,1,-1,-1,-1
581,46374,619,358,41,43,1,-1,-1,-1
581,46342,580,372,38,17,1,-1,-1,-1
582,46382,663,362,66,26,1,-1,-1,-1
582,46374,619,359,41,42,1,-1,-1,-1
582,46342,582,372,35,18,1,-1,-1,-1
583,46382,667,362,62,26,1,-1,-1,-1
583,46374,619,359,41,42,1,-1,-1,-1
583,46342,584,373,33,17,1,-1,-1,-1
584,46382,671,362,55,26,1,-1,-1,-1
584,46374,619,359,41,42,1,-1,-1,-1
584,46342,585,373,30,18,1,-1,-1,-1
585,46382,675,363,53,26,1,-1,-1,-1
585,46374,619,359,41,43,1,-1,-1,-1
585,46342,586,373,29,18,1,-1,-1,-1
586,46382,680,363,50,26,1,-1,-1,-1
586,46374,619,359,41,43,1,-1,-1,-1
586,46342,587,373,27,19,1,-1,-1,-1
587,46382,684,362,48,27,1,-1,-1,-1
587,46374,619,359,41,43,1,-1,-1,-1
587,46342,587,373,27,19,1,-1,-1,-1
588,46382,689,362,44,27,1,-1,-1,-1
588,46374,619,359,41,42,1,-1,-1,-1
588,46342,586,373,27,19,1,-1,-1,-1
589,46382,694,361,39,27,1,-1,-1,-1
589,46374,619,358,41,42,1,-1,-1,-1
589,46342,585,372,28,19,1,-1,-1,-1
590,46382,699,360,35,26,1,-1,-1,-1
590,46374,619,357,41,42,1,-1,-1,-1
590,46342,584,371,28,20,1,-1,-1,-1
591,46382,704,358,31,26,1,-1,-1,-1
591,46374,619,355,41,43,1,-1,-1,-1
591,46342,583,370,29,20,1,-1,-1,-1
592,46382,709,357,27,27,1,-1,-1,-1
592,46374,619,354,41,42,1,-1,-1,-1
592,46342,582,368,29,21,1,-1,-1,-1
593,46382,714,356,22,27,1,-1,-1,-1
593,46374,619,353,41,42,1,-1,-1,-1
593,46342,581,367,29,21,1,-1,-1,-1
594,46382,720,355,17,25,1,-1,-1,-1
594,46374,619,352,41,42,1,-1,-1,-1
594,46342,579,366,30,22,1,-1,-1,-1
595,46382,731,354,7,23,1,-1,-1,-1
595,46374,619,351,41,43,1,-1,-1,-1
595,46342,578,366,31,22,1,-1,-1,-1
596,46382,733,353,51,24,1,-1,-1,-1
596,46374,618,351,42,42,1,-1,-1,-1
596,46342,576,366,32,22,1,-1,-1,-1
597,46382,737,353,53,24,1,-1,-1,-1
597,46374,618,350,42,43,1,-1,-1,-1
597,46342,575,366,32,22,1,-1,-1,-1
598,46374,618,351,42,43,1,-1,-1,-1
598,46342,573,366,33,23,1,-1,-1,-1
599,46374,618,351,42,43,1,-1,-1,-1
599,46342,572,366,33,24,1,-1,-1,-1
600,46374,618,351,42,43,1,-1,-1,-1
600,46342,570,367,34,24,1,-1,-1,-1
