1,47939,0,367,35,113,1,-1,-1,-1
1,47938,369,366,32,12,1,-1,-1,-1
1,47935,622,366,27,12,1,-1,-1,-1
1,47934,841,366,73,30,1,-1,-1,-1
1,47933,267,366,103,57,1,-1,-1,-1
1,47932,704,365,66,58,1,-1,-1,-1
1,47911,935,434,344,285,1,-1,-1,-1
1,47902,592,370,21,6,1,-1,-1,-1
2,47938,370,366,32,12,1,-1,-1,-1
2,47935,620,366,27,12,1,-1,-1,-1
2,47934,839,366,74,30,1,-1,-1,-1
2,47933,257,366,107,59,1,-1,-1,-1
2,47932,704,365,65,58,1,-1,-1,-1
2,47911,927,432,352,287,1,-1,-1,-1
2,47902,590,369,19,7,1,-1,-1,-1
3,47938,374,366,29,12,1,-1,-1,-1
3,47935,617,366,28,12,1,-1,-1,-1
3,47934,838,366,74,31,1,-1,-1,-1
3,47933,246,367,111,60,1,-1,-1,-1
3,47932,704,365,64,58,1,-1,-1,-1
3,47911,920,430,359,289,1,-1,-1,-1
4,47938,373,366,31,12,1,-1,-1,-1
4,47935,615,366,27,12,1,-1,-1,-1
4,47934,837,366,75,31,1,-1,-1,-1
4,47933,236,366,115,62,1,-1,-1,-1
4,47932,704,365,64,57,1,-1,-1,-1
4,47911,915,428,364,291,1,-1,-1,-1
4,47902,587,370,15,6,1,-1,-1,-1
5,47938,374,366,31,12,1,-1,-1,-1
5,47935,612,366,28,12,1,-1,-1,-1
5,47934,836,365,75,31,1,-1,-1,-1
5,47933,225,365,119,64,1,-1,-1,-1
5,47932,703,365,64,57,1,-1,-1,-1
5,47911,909,426,370,293,1,-1,-1,-1
5,47902,587,369,15,7,1,-1,-1,-1
6,47938,374,365,32,12,1,-1,-1,-1
6,47935,611,365,27,12,1,-1,-1,-1
6,47934,835,364,76,32,1,-1,-1,-1
6,47933,213,363,125,67,1,-1,-1,-1
6,47932,703,364,63,56,1,-1,-1,-1
6,47923,331,362,12,11,1,-1,-1,-1
6,47916,993,362,11,14,1,-1,-1,-1
6,47911,904,424,375,293,1,-1,-1,-1
7,47938,375,364,32,12,1,-1,-1,-1
7,47935,608,364,28,12,1,-1,-1,-1
7,47934,834,364,76,31,1,-1,-1,-1
7,47933,202,362,129,68,1,-1,-1,-1
7,47932,703,363,63,56,1,-1,-1,-1
7,47916,994,361,14,15,1,-1,-1,-1
7,47911,899,422,380,282,1,-1,-1,-1
8,47938,376,363,32,12,1,-1,-1,-1
8,47935,608,363,25,12,1,-1,-1,-1
8,47934,833,363,77,31,1,-1,-1,-1
8,47933,190,361,135,63,1,-1,-1,-1
8,47932,703,362,62,56,1,-1,-1,-1
8,47923,313,360,23,11,1,-1,-1,-1
8,47916,988,360,24,15,1,-1,-1,-1
8,47911,894,419,385,273,1,-1,-1,-1
8,47902,575,366,19,7,1,-1,-1,-1
9,47938,377,363,32,12,1,-1,-1,-1
9,47935,608,363,23,12,1,-1,-1,-1
9,47934,833,362,76,32,1,-1,-1,-1
9,47933,177,361,140,64,1,-1,-1,-1
9,47932,704,362,61,56,1,-1,-1,-1
9,47916,986,360,30,15,1,-1,-1,-1
9,47911,889,418,390,263,1,-1,-1,-1
9,47902,572,366,19,8,1,-1,-1,-1
10,47938,378,364,32,12,1,-1,-1,-1
10,47935,601,364,28,12,1,-1,-1,-1
10,47934,832,363,77,33,1,-1,-1,-1
10,47933,165,362,145,66,1,-1,-1,-1
10,47932,705,363,59,55,1,-1,-1,-1
10,47923,300,361,33,11,1,-1,-1,-1
10,47916,987,361,34,15,1,-1,-1,-1
10,47911,886,418,393,257,1,-1,-1,-1
10,47902,569,367,22,8,1,-1,-1,-1
11,47938,379,365,32,12,1,-1,-1,-1
11,47935,601,365,26,12,1,-1,-1,-1
11,47934,831,364,78,33,1,-1,-1,-1
11,47933,234,363,67,75,1,-1,-1,-1
11,47932,706,364,58,55,1,-1,-1,-1
11,47923,292,362,36,11,1,-1,-1,-1
11,47916,989,361,35,16,1,-1,-1,-1
11,47911,883,418,396,252,1,-1,-1,-1
11,47902,567,368,21,8,1,-1,-1,-1
12,47938,380,365,32,13,1,-1,-1,-1
12,47935,601,365,23,12,1,-1,-1,-1
12,47934,830,365,79,33,1,-1,-1,-1
12,47933,209,364,83,79,1,-1,-1,-1
12,47932,707,364,57,55,1,-1,-1,-1
12,47923,287,362,38,12,1,-1,-1,-1
12,47916,991,362,27,15,1,-1,-1,-1
12,47911,881,418,398,248,1,-1,-1,-1
12,47902,567,369,18,8,1,-1,-1,-1
13,47938,381,366,32,12,1,-1,-1,-1
13,47935,594,366,28,12,1,-1,-1,-1
13,47934,829,365,80,33,1,-1,-1,-1
13,47933,180,364,101,82,1,-1,-1,-1
13,47932,709,365,55,55,1,-1,-1,-1
13,47923,283,363,21,11,1,-1,-1,-1
13,47916,996,362,25,16,1,-1,-1,-1
13,47911,880,418,399,245,1,-1,-1,-1
13,47902,561,369,12,8,1,-1,-1,-1
14,47938,382,366,32,12,1,-1,-1,-1
14,47935,592,366,28,10,1,-1,-1,-1
14,47934,829,366,79,33,1,-1,-1,-1
14,47933,145,365,125,84,1,-1,-1,-1
14,47932,710,365,54,55,1,-1,-1,-1
14,47923,279,363,39,11,1,-1,-1,-1
14,47916,996,363,24,15,1,-1,-1,-1
14,47911,878,418,401,243,1,-1,-1,-1
14,47902,559,369,13,8,1,-1,-1,-1
15,47938,382,366,32,13,1,-1,-1,-1
15,47935,589,366,29,11,1,-1,-1,-1
15,47934,828,366,80,33,1,-1,-1,-1
15,47933,102,365,156,88,1,-1,-1,-1
15,47932,712,365,53,55,1,-1,-1,-1
15,47923,276,363,39,12,1,-1,-1,-1
15,47916,998,363,21,15,1,-1,-1,-1
15,47911,878,418,401,242,1,-1,-1,-1
15,47902,556,370,16,8,1,-1,-1,-1
16,47938,382,366,32,13,1,-1,-1,-1
16,47935,587,367,28,10,1,-1,-1,-1
16,47934,827,366,81,34,1,-1,-1,-1
16,47933,49,365,195,92,1,-1,-1,-1
16,47932,715,366,50,55,1,-1,-1,-1
16,47923,270,363,27,12,1,-1,-1,-1
16,47916,1001,363,16,15,1,-1,-1,-1
16,47911,878,418,401,242,1,-1,-1,-1
16,47902,553,370,18,8,1,-1,-1,-1
17,47938,382,366,33,13,1,-1,-1,-1
17,47935,585,366,28,11,1,-1,-1,-1
17,47934,826,366,82,34,1,-1,-1,-1
17,47933,6,365,223,96,1,-1,-1,-1
17,47932,718,366,50,55,1,-1,-1,-1
17,47923,267,363,26,12,1,-1,-1,-1
17,47916,1004,363,13,15,1,-1,-1,-1
17,47911,878,418,401,242,1,-1,-1,-1
17,47902,550,370,20,8,1,-1,-1,-1
18,47938,382,366,33,12,1,-1,-1,-1
18,47935,582,366,29,10,1,-1,-1,-1
18,47934,825,366,81,34,1,-1,-1,-1
18,47933,0,365,212,101,1,-1,-1,-1
18,47932,719,365,53,55,1,-1,-1,-1
18,47923,262,363,30,11,1,-1,-1,-1
18,47911,878,418,401,242,1,-1,-1,-1
18,47902,548,369,22,9,1,-1,-1,-1
19,47938,382,365,33,13,1,-1,-1,-1
19,47935,580,365,27,11,1,-1,-1,-1
19,47934,824,365,82,35,1,-1,-1,-1
19,47933,0,364,194,106,1,-1,-1,-1
19,47932,720,364,55,55,1,-1,-1,-1
19,47923,257,362,31,12,1,-1,-1,-1
19,47911,879,417,400,243,1,-1,-1,-1
19,47902,545,368,22,9,1,-1,-1,-1
20,47938,382,365,31,13,1,-1,-1,-1
20,47935,579,365,27,11,1,-1,-1,-1
20,47934,823,365,85,35,1,-1,-1,-1
20,47933,0,364,174,113,1,-1,-1,-1
20,47932,722,364,57,56,1,-1,-1,-1
20,47923,254,362,31,12,1,-1,-1,-1
20,47911,880,417,399,245,1,-1,-1,-1
20,47902,542,368,22,9,1,-1,-1,-1
21,47938,382,365,34,13,1,-1,-1,-1
21,47935,578,365,21,12,1,-1,-1,-1
21,47934,822,365,86,36,1,-1,-1,-1
21,47933,0,364,151,120,1,-1,-1,-1
21,47932,724,364,60,56,1,-1,-1,-1
21,47923,249,362,32,12,1,-1,-1,-1
21,47911,881,418,398,247,1,-1,-1,-1
21,47902,539,369,22,8,1,-1,-1,-1
22,47938,382,365,34,13,1,-1,-1,-1
22,47935,577,365,22,12,1,-1,-1,-1
22,47934,821,365,86,36,1,-1,-1,-1
22,47933,0,364,126,103,1,-1,-1,-1
22,47932,727,364,62,56,1,-1,-1,-1
22,47923,244,362,34,11,1,-1,-1,-1
22,47911,883,418,396,250,1,-1,-1,-1
22,47902,536,368,22,9,1,-1,-1,-1
23,47938,382,364,34,13,1,-1,-1,-1
23,47935,577,364,22,11,1,-1,-1,-1
23,47934,820,364,87,36,1,-1,-1,-1
23,47933,0,362,98,110,1,-1,-1,-1
23,47932,729,363,65,56,1,-1,-1,-1
23,47923,239,361,36,11,1,-1,-1,-1
23,47911,884,417,395,253,1,-1,-1,-1
23,47902,533,367,23,9,1,-1,-1,-1
24,47938,385,363,31,13,1,-1,-1,-1
24,47935,576,363,22,11,1,-1,-1,-1
24,47934,818,362,88,37,1,-1,-1,-1
24,47933,0,361,67,116,1,-1,-1,-1
24,47932,732,361,68,57,1,-1,-1,-1
24,47923,236,359,36,12,1,-1,-1,-1
24,47920,1111,369,19,29,1,-1,-1,-1
24,47911,885,416,394,255,1,-1,-1,-1
24,47902,530,366,20,9,1,-1,-1,-1
25,47938,383,361,34,14,1,-1,-1,-1
25,47935,575,361,15,13,1,-1,-1,-1
25,47934,817,361,88,38,1,-1,-1,-1
25,47933,0,364,34,109,1,-1,-1,-1
25,47932,735,360,70,57,1,-1,-1,-1
25,47923,234,358,35,12,1,-1,-1,-1
25,47920,1112,360,29,37,1,-1,-1,-1
25,47911,886,416,393,256,1,-1,-1,-1
25,47902,527,365,22,9,1,-1,-1,-1
26,47938,383,361,34,13,1,-1,-1,-1
26,47935,575,360,15,13,1,-1,-1,-1
26,47934,815,360,90,38,1,-1,-1,-1
26,47932,739,359,72,58,1,-1,-1,-1
26,47923,231,357,35,12,1,-1,-1,-1
26,47920,1114,352,39,46,1,-1,-1,-1
26,47911,886,415,393,257,1,-1,-1,-1
26,47902,524,364,23,9,1,-1,-1,-1
27,47938,383,360,35,13,1,-1,-1,-1
27,47935,574,360,15,12,1,-1,-1,-1
27,47934,815,360,88,38,1,-1,-1,-1
27,47932,742,358,76,58,1,-1,-1,-1
27,47923,228,356,35,13,1,-1,-1,-1
27,47920,1122,350,42,48,1,-1,-1,-1
27,47911,887,414,392,259,1,-1,-1,-1
27,47902,521,363,23,9,1,-1,-1,-1
28,47938,384,360,34,13,1,-1,-1,-1
28,47935,562,359,27,13,1,-1,-1,-1
28,47934,819,359,83,39,1,-1,-1,-1
28,47932,746,358,78,58,1,-1,-1,-1
28,47923,227,356,33,12,1,-1,-1,-1
28,47920,1117,349,60,49,1,-1,-1,-1
28,47911,887,414,392,259,1,-1,-1,-1
28,47902,518,363,23,9,1,-1,-1,-1
29,47938,384,359,35,14,1,-1,-1,-1
29,47935,560,359,27,13,1,-1,-1,-1
29,47934,820,359,81,39,1,-1,-1,-1
29,47932,751,358,80,58,1,-1,-1,-1
29,47923,224,356,31,13,1,-1,-1,-1
29,47920,1119,349,70,50,1,-1,-1,-1
29,47911,888,414,391,260,1,-1,-1,-1
29,47902,515,363,23,9,1,-1,-1,-1
30,47938,384,359,35,13,1,-1,-1,-1
30,47935,558,359,24,14,1,-1,-1,-1
30,47934,824,358,75,40,1,-1,-1,-1
30,47932,755,357,83,59,1,-1,-1,-1
30,47923,221,355,29,13,1,-1,-1,-1
30,47920,1120,348,83,51,1,-1,-1,-1
30,47911,888,414,391,259,1,-1,-1,-1
30,47902,512,362,23,9,1,-1,-1,-1
31,47938,385,358,35,13,1,-1,-1,-1
31,47935,556,358,26,14,1,-1,-1,-1
31,47934,826,358,71,40,1,-1,-1,-1
31,47932,760,356,85,60,1,-1,-1,-1
31,47923,218,354,28,14,1,-1,-1,-1
31,47920,1121,347,95,51,1,-1,-1,-1
31,47911,887,413,392,258,1,-1,-1,-1
31,47902,509,361,23,9,1,-1,-1,-1
32,47938,386,357,34,14,1,-1,-1,-1
32,47935,554,357,27,15,1,-1,-1,-1
32,47934,830,357,65,40,1,-1,-1,-1
32,47932,765,356,88,59,1,-1,-1,-1
32,47923,217,354,23,12,1,-1,-1,-1
32,47920,1122,346,107,52,1,-1,-1,-1
32,47911,886,412,393,257,1,-1,-1,-1
32,47902,506,361,23,9,1,-1,-1,-1
33,47938,386,357,35,14,1,-1,-1,-1
33,47935,552,357,27,14,1,-1,-1,-1
33,47934,839,357,54,41,1,-1,-1,-1
33,47932,770,355,91,60,1,-1,-1,-1
33,47923,200,353,18,13,1,-1,-1,-1
33,47920,1122,346,121,52,1,-1,-1,-1
33,47911,885,411,394,255,1,-1,-1,-1
33,47902,503,360,23,9,1,-1,-1,-1
34,47938,387,357,35,14,1,-1,-1,-1
34,47935,550,357,27,15,1,-1,-1,-1
34,47934,846,357,44,41,1,-1,-1,-1
34,47932,776,356,92,60,1,-1,-1,-1
34,47923,215,353,16,13,1,-1,-1,-1
34,47920,1123,346,135,53,1,-1,-1,-1
34,47911,884,411,395,253,1,-1,-1,-1
34,47902,499,360,24,10,1,-1,-1,-1
35,47938,387,357,36,14,1,-1,-1,-1
35,47935,548,357,27,15,1,-1,-1,-1
35,47934,850,357,38,35,1,-1,-1,-1
35,47932,782,356,95,60,1,-1,-1,-1
35,47923,191,354,35,13,1,-1,-1,-1
35,47920,1123,346,149,54,1,-1,-1,-1
35,47911,883,411,396,251,1,-1,-1,-1
35,47902,496,361,24,9,1,-1,-1,-1
36,47938,388,358,35,14,1,-1,-1,-1
36,47935,547,358,26,15,1,-1,-1,-1
36,47934,789,357,96,36,1,-1,-1,-1
36,47932,789,357,97,60,1,-1,-1,-1
36,47923,188,354,33,13,1,-1,-1,-1
36,47920,1124,346,152,55,1,-1,-1,-1
36,47911,882,411,397,249,1,-1,-1,-1
36,47902,493,361,24,10,1,-1,-1,-1
37,47938,388,359,36,14,1,-1,-1,-1
37,47935,545,359,26,15,1,-1,-1,-1
37,47934,786,358,88,33,1,-1,-1,-1
37,47932,796,358,99,60,1,-1,-1,-1
37,47923,187,355,30,13,1,-1,-1,-1
37,47920,1125,347,153,55,1,-1,-1,-1
37,47911,881,412,398,247,1,-1,-1,-1
37,47902,490,362,24,9,1,-1,-1,-1
38,47938,388,359,36,15,1,-1,-1,-1
38,47935,543,360,26,15,1,-1,-1,-1
38,47934,782,359,36,42,1,-1,-1,-1
38,47932,803,358,101,62,1,-1,-1,-1
38,47923,183,356,29,13,1,-1,-1,-1
38,47920,1126,347,153,57,1,-1,-1,-1
38,47911,881,412,398,247,1,-1,-1,-1
38,47902,487,363,24,9,1,-1,-1,-1
39,47938,389,360,36,14,1,-1,-1,-1
39,47935,542,361,25,15,1,-1,-1,-1
39,47934,779,360,46,42,1,-1,-1,-1
39,47932,810,359,104,62,1,-1,-1,-1
39,47923,180,357,26,13,1,-1,-1,-1
39,47920,1127,348,152,57,1,-1,-1,-1
39,47911,880,413,399,246,1,-1,-1,-1
39,47902,483,364,25,9,1,-1,-1,-1
40,47938,389,361,37,14,1,-1,-1,-1
40,47935,540,361,26,16,1,-1,-1,-1
40,47934,776,361,57,42,1,-1,-1,-1
40,47932,819,360,106,62,1,-1,-1,-1
40,47923,168,358,34,13,1,-1,-1,-1
40,47920,1128,349,151,58,1,-1,-1,-1
40,47911,881,414,398,247,1,-1,-1,-1
40,47902,482,365,22,9,1,-1,-1,-1
41,47938,390,362,36,14,1,-1,-1,-1
41,47935,539,362,12,16,1,-1,-1,-1
41,47934,772,361,74,43,1,-1,-1,-1
41,47932,827,361,109,63,1,-1,-1,-1
41,47923,162,358,34,14,1,-1,-1,-1
41,47920,1130,349,149,59,1,-1,-1,-1
41,47911,881,415,398,248,1,-1,-1,-1
41,47902,476,365,25,10,1,-1,-1,-1
42,47938,390,362,37,14,1,-1,-1,-1
42,47935,537,362,12,16,1,-1,-1,-1
42,47934,769,362,81,43,1,-1,-1,-1
42,47932,836,361,112,63,1,-1,-1,-1
42,47923,158,358,32,10,1,-1,-1,-1
42,47920,1132,349,147,60,1,-1,-1,-1
42,47911,882,415,397,249,1,-1,-1,-1
42,47902,473,366,25,9,1,-1,-1,-1
43,47938,390,362,37,14,1,-1,-1,-1
43,47935,535,362,13,16,1,-1,-1,-1
43,47934,766,361,92,46,1,-1,-1,-1
43,47932,845,361,115,64,1,-1,-1,-1
43,47920,1134,349,145,61,1,-1,-1,-1
43,47911,884,415,395,251,1,-1,-1,-1
43,47902,469,366,26,9,1,-1,-1,-1
44,47938,391,361,30,15,1,-1,-1,-1
44,47935,534,362,13,16,1,-1,-1,-1
44,47934,762,361,99,46,1,-1,-1,-1
44,47932,854,360,118,66,1,-1,-1,-1
44,47920,1136,348,143,62,1,-1,-1,-1
44,47911,884,415,395,251,1,-1,-1,-1
44,47902,466,365,25,10,1,-1,-1,-1
45,47938,391,361,22,14,1,-1,-1,-1
45,47935,533,361,13,16,1,-1,-1,-1
45,47934,759,360,106,47,1,-1,-1,-1
45,47932,864,359,121,67,1,-1,-1,-1
45,47923,140,357,32,5,1,-1,-1,-1
45,47920,1139,347,140,64,1,-1,-1,-1
45,47911,885,414,394,253,1,-1,-1,-1
45,47902,463,365,25,9,1,-1,-1,-1
46,47938,391,360,15,15,1,-1,-1,-1
46,47935,531,360,13,17,1,-1,-1,-1
46,47934,756,360,106,47,1,-1,-1,-1
46,47932,874,359,124,67,1,-1,-1,-1
46,47923,133,356,35,5,1,-1,-1,-1
46,47920,1141,346,138,63,1,-1,-1,-1
46,47911,886,414,393,253,1,-1,-1,-1
46,47902,459,364,25,9,1,-1,-1,-1
47,47938,394,360,35,12,1,-1,-1,-1
47,47935,530,360,13,17,1,-1,-1,-1
47,47934,753,359,107,47,1,-1,-1,-1
47,47932,884,358,128,68,1,-1,-1,-1
47,47920,1143,346,136,65,1,-1,-1,-1
47,47911,886,413,393,253,1,-1,-1,-1
47,47902,455,363,26,10,1,-1,-1,-1
48,47938,422,360,8,14,1,-1,-1,-1
48,47935,529,359,13,17,1,-1,-1,-1
48,47934,750,358,107,48,1,-1,-1,-1
48,47932,894,358,133,68,1,-1,-1,-1
48,47920,1145,345,134,66,1,-1,-1,-1
48,47911,887,413,392,254,1,-1,-1,-1
48,47902,452,363,26,9,1,-1,-1,-1
49,47938,414,359,16,15,1,-1,-1,-1
49,47935,527,359,14,17,1,-1,-1,-1
49,47934,747,358,107,48,1,-1,-1,-1
49,47932,905,357,137,66,1,-1,-1,-1
49,47920,1147,344,132,68,1,-1,-1,-1
49,47911,888,413,391,254,1,-1,-1,-1
49,47902,448,363,26,9,1,-1,-1,-1
50,47938,405,359,26,15,1,-1,-1,-1
50,47935,526,359,13,17,1,-1,-1,-1
50,47934,744,358,108,49,1,-1,-1,-1
50,47932,917,357,140,66,1,-1,-1,-1
50,47920,1149,344,130,69,1,-1,-1,-1
50,47911,889,413,390,256,1,-1,-1,-1
50,47902,444,363,24,9,1,-1,-1,-1
51,47938,396,359,36,15,1,-1,-1,-1
51,47935,524,359,14,18,1,-1,-1,-1
51,47934,741,358,108,49,1,-1,-1,-1
51,47932,929,358,144,66,1,-1,-1,-1
51,47920,1152,344,127,70,1,-1,-1,-1
51,47911,890,413,389,258,1,-1,-1,-1
51,47902,441,363,26,10,1,-1,-1,-1
52,47938,394,359,39,15,1,-1,-1,-1
52,47935,523,359,14,18,1,-1,-1,-1
52,47934,738,359,108,49,1,-1,-1,-1
52,47932,941,358,149,67,1,-1,-1,-1
52,47920,1154,344,125,71,1,-1,-1,-1
52,47911,891,414,388,260,1,-1,-1,-1
52,47902,437,363,26,10,1,-1,-1,-1
53,47938,394,360,39,15,1,-1,-1,-1
53,47935,522,360,13,18,1,-1,-1,-1
53,47934,734,359,108,50,1,-1,-1,-1
53,47932,955,358,153,65,1,-1,-1,-1
53,47920,1157,345,122,72,1,-1,-1,-1
53,47911,893,415,386,261,1,-1,-1,-1
53,47902,434,364,26,9,1,-1,-1,-1
54,47938,395,360,39,15,1,-1,-1,-1
54,47935,520,360,14,19,1,-1,-1,-1
54,47934,731,360,108,50,1,-1,-1,-1
54,47932,968,359,159,61,1,-1,-1,-1
54,47920,1160,345,119,73,1,-1,-1,-1
54,47911,894,415,385,264,1,-1,-1,-1
54,47902,431,364,25,10,1,-1,-1,-1
55,47938,396,360,39,16,1,-1,-1,-1
55,47935,519,360,13,19,1,-1,-1,-1
55,47934,727,360,108,50,1,-1,-1,-1
55,47932,983,359,164,59,1,-1,-1,-1
55,47920,1163,345,116,75,1,-1,-1,-1
55,47911,896,416,383,266,1,-1,-1,-1
55,47902,431,364,20,10,1,-1,-1,-1
56,47938,396,360,40,16,1,-1,-1,-1
56,47935,517,360,14,19,1,-1,-1,-1
56,47934,724,360,106,51,1,-1,-1,-1
56,47932,998,359,170,60,1,-1,-1,-1
56,47920,1167,345,112,76,1,-1,-1,-1
56,47911,901,416,378,267,1,-1,-1,-1
56,47902,435,364,14,10,1,-1,-1,-1
57,47938,397,360,40,16,1,-1,-1,-1
57,47935,516,360,13,20,1,-1,-1,-1
57,47934,721,360,105,51,1,-1,-1,-1
57,47932,1014,359,176,62,1,-1,-1,-1
57,47920,1184,344,95,78,1,-1,-1,-1
57,47911,906,416,373,269,1,-1,-1,-1
57,47902,419,364,26,10,1,-1,-1,-1
58,47938,398,360,40,16,1,-1,-1,-1
58,47935,514,360,13,20,1,-1,-1,-1
58,47934,718,360,104,51,1,-1,-1,-1
58,47932,1031,359,183,65,1,-1,-1,-1
58,47920,1202,344,77,79,1,-1,-1,-1
58,47911,912,417,367,270,1,-1,-1,-1
58,47902,417,364,24,10,1,-1,-1,-1
59,47938,398,360,41,16,1,-1,-1,-1
59,47935,512,360,14,20,1,-1,-1,-1
59,47934,715,360,102,51,1,-1,-1,-1
59,47932,1049,358,189,69,1,-1,-1,-1
59,47920,1216,344,63,80,1,-1,-1,-1
59,47911,919,417,360,273,1,-1,-1,-1
60,47938,399,360,41,16,1,-1,-1,-1
60,47935,511,360,13,20,1,-1,-1,-1
60,47934,712,359,101,52,1,-1,-1,-1
60,47932,1066,358,197,72,1,-1,-1,-1
60,47920,1224,343,55,82,1,-1,-1,-1
60,47911,927,417,352,278,1,-1,-1,-1
61,47938,400,359,41,16,1,-1,-1,-1
61,47935,509,359,13,21,1,-1,-1,-1
61,47934,710,359,99,52,1,-1,-1,-1
61,47932,1086,358,193,75,1,-1,-1,-1
61,47920,1231,343,48,82,1,-1,-1,-1
61,47911,936,418,343,282,1,-1,-1,-1
62,47938,401,359,41,16,1,-1,-1,-1
62,47935,507,359,13,21,1,-1,-1,-1
62,47934,707,359,97,52,1,-1,-1,-1
62,47932,1105,358,174,74,1,-1,-1,-1
62,47920,1237,343,42,18,1,-1,-1,-1
62,47911,945,419,334,289,1,-1,-1,-1
62,47902,397,367,23,7,1,-1,-1,-1
63,47938,402,359,40,17,1,-1,-1,-1
63,47935,505,359,13,21,1,-1,-1,-1
63,47934,705,359,95,52,1,-1,-1,-1
63,47932,1126,357,153,72,1,-1,-1,-1
63,47920,1244,342,35,17,1,-1,-1,-1
63,47911,955,420,324,297,1,-1,-1,-1
63,47902,393,365,9,9,1,-1,-1,-1
64,47938,403,359,41,17,1,-1,-1,-1
64,47935,504,359,12,21,1,-1,-1,-1
64,47934,703,359,93,52,1,-1,-1,-1
64,47932,1147,358,132,69,1,-1,-1,-1
64,47920,1250,342,29,16,1,-1,-1,-1
64,47911,967,421,312,298,1,-1,-1,-1
64,47902,389,363,15,11,1,-1,-1,-1
65,47938,404,359,39,17,1,-1,-1,-1
65,47935,502,360,12,21,1,-1,-1,-1
65,47934,702,359,90,52,1,-1,-1,-1
65,47932,1169,357,110,68,1,-1,-1,-1
65,47920,1256,343,23,14,1,-1,-1,-1
65,47911,982,423,297,296,1,-1,-1,-1
65,47902,385,363,23,11,1,-1,-1,-1
66,47938,405,360,32,16,1,-1,-1,-1
66,47935,500,360,12,21,1,-1,-1,-1
66,47934,700,359,88,53,1,-1,-1,-1
66,47932,1190,357,89,69,1,-1,-1,-1
66,47911,1000,426,279,293,1,-1,-1,-1
66,47902,381,364,27,10,1,-1,-1,-1
67,47938,406,360,41,16,1,-1,-1,-1
67,47935,498,360,12,22,1,-1,-1,-1
67,47934,699,359,85,53,1,-1,-1,-1
67,47932,1213,357,66,72,1,-1,-1,-1
67,47924,1225,357,15,10,1,-1,-1,-1
67,47911,1020,429,259,290,1,-1,-1,-1
67,47902,376,364,29,10,1,-1,-1,-1
68,47938,407,360,42,17,1,-1,-1,-1
68,47935,496,360,11,22,1,-1,-1,-1
68,47934,698,359,83,53,1,-1,-1,-1
68,47932,1238,358,41,74,1,-1,-1,-1
68,47924,1232,357,12,11,1,-1,-1,-1
68,47920,1225,356,54,70,1,-1,-1,-1
68,47911,1042,433,237,286,1,-1,-1,-1
68,47902,372,364,30,11,1,-1,-1,-1
69,47938,408,360,41,17,1,-1,-1,-1
69,47935,493,360,12,23,1,-1,-1,-1
69,47934,697,359,80,53,1,-1,-1,-1
69,47932,1264,378,15,58,1,-1,-1,-1
69,47920,1231,363,48,70,1,-1,-1,-1
69,47911,1067,438,212,276,1,-1,-1,-1
69,47902,368,364,29,11,1,-1,-1,-1
70,47938,409,360,42,17,1,-1,-1,-1
70,47935,491,360,12,23,1,-1,-1,-1
70,47934,697,359,77,53,1,-1,-1,-1
70,47920,1239,371,40,64,1,-1,-1,-1
70,47911,1096,445,183,258,1,-1,-1,-1
70,47902,363,364,30,11,1,-1,-1,-1
71,47938,411,360,41,17,1,-1,-1,-1
71,47935,489,360,11,23,1,-1,-1,-1
71,47934,697,359,74,53,1,-1,-1,-1
71,47920,1246,380,33,57,1,-1,-1,-1
71,47911,1128,463,151,229,1,-1,-1,-1
71,47902,359,364,30,11,1,-1,-1,-1
72,47938,410,360,43,17,1,-1,-1,-1
72,47935,486,360,12,24,1,-1,-1,-1
72,47934,696,359,73,53,1,-1,-1,-1
72,47920,1254,387,25,51,1,-1,-1,-1
72,47911,1164,488,115,191,1,-1,-1,-1
72,47904,1263,362,8,26,1,-1,-1,-1
72,47902,354,364,31,11,1,-1,-1,-1
73,47938,412,360,43,17,1,-1,-1,-1
73,47935,484,360,11,24,1,-1,-1,-1
73,47934,696,359,71,53,1,-1,-1,-1
73,47920,1263,392,16,43,1,-1,-1,-1
73,47911,1205,516,74,170,1,-1,-1,-1
73,47904,1271,361,8,28,1,-1,-1,-1
73,47902,350,364,30,11,1,-1,-1,-1
74,47938,413,360,43,17,1,-1,-1,-1
74,47935,481,360,11,24,1,-1,-1,-1
74,47934,697,359,67,53,1,-1,-1,-1
74,47911,1249,536,30,153,1,-1,-1,-1
74,47902,345,364,26,11,1,-1,-1,-1
75,47938,414,360,44,17,1,-1,-1,-1
75,47935,479,360,10,24,1,-1,-1,-1
75,47934,697,359,66,53,1,-1,-1,-1
75,47902,340,364,20,11,1,-1,-1,-1
76,47938,416,360,44,17,1,-1,-1,-1
76,47935,476,360,33,25,1,-1,-1,-1
76,47934,697,359,64,53,1,-1,-1,-1
76,47902,336,364,31,11,1,-1,-1,-1
76,47888,70,368,10,7,1,-1,-1,-1
77,47938,418,360,44,18,1,-1,-1,-1
77,47935,473,360,35,25,1,-1,-1,-1
77,47934,697,359,63,53,1,-1,-1,-1
77,47902,331,364,31,11,1,-1,-1,-1
77,47888,65,367,14,8,1,-1,-1,-1
78,47938,419,360,45,18,1,-1,-1,-1
78,47935,471,360,34,26,1,-1,-1,-1
78,47934,698,359,61,53,1,-1,-1,-1
78,47902,334,364,24,11,1,-1,-1,-1
78,47888,63,366,21,9,1,-1,-1,-1
79,47938,424,360,42,18,1,-1,-1,-1
79,47935,468,360,35,26,1,-1,-1,-1
79,47934,698,359,60,53,1,-1,-1,-1
79,47902,321,364,32,11,1,-1,-1,-1
79,47888,63,365,14,10,1,-1,-1,-1
80,47938,424,360,41,18,1,-1,-1,-1
80,47935,465,360,36,27,1,-1,-1,-1
80,47934,698,359,60,53,1,-1,-1,-1
80,47902,316,364,33,11,1,-1,-1,-1
80,47888,63,369,7,6,1,-1,-1,-1
81,47938,425,360,40,18,1,-1,-1,-1
81,47935,461,360,38,27,1,-1,-1,-1
81,47934,698,359,60,53,1,-1,-1,-1
81,47902,311,364,33,12,1,-1,-1,-1
82,47938,427,360,35,18,1,-1,-1,-1
82,47935,458,360,38,28,1,-1,-1,-1
82,47934,699,359,58,53,1,-1,-1,-1
82,47902,306,364,33,12,1,-1,-1,-1
82,47888,86,368,4,8,1,-1,-1,-1
83,47938,429,360,29,19,1,-1,-1,-1
83,47935,455,360,39,28,1,-1,-1,-1
83,47934,699,359,58,53,1,-1,-1,-1
83,47902,301,364,33,12,1,-1,-1,-1
83,47888,79,365,12,13,1,-1,-1,-1
84,47938,433,360,20,19,1,-1,-1,-1
84,47935,451,360,40,28,1,-1,-1,-1
84,47934,699,359,59,53,1,-1,-1,-1
84,47902,296,364,33,12,1,-1,-1,-1
84,47888,71,365,21,13,1,-1,-1,-1
85,47938,434,360,14,19,1,-1,-1,-1
85,47935,448,360,41,28,1,-1,-1,-1
85,47934,699,359,59,53,1,-1,-1,-1
85,47902,291,364,33,12,1,-1,-1,-1
85,47888,67,365,26,13,1,-1,-1,-1
86,47938,436,360,8,19,1,-1,-1,-1
86,47935,444,359,42,29,1,-1,-1,-1
86,47934,699,359,59,54,1,-1,-1,-1
86,47902,286,364,34,12,1,-1,-1,-1
86,47888,68,365,26,14,1,-1,-1,-1
87,47938,439,361,46,14,1,-1,-1,-1
87,47935,469,359,14,30,1,-1,-1,-1
87,47934,699,359,59,54,1,-1,-1,-1
87,47902,280,364,35,12,1,-1,-1,-1
88,47938,477,360,11,17,1,-1,-1,-1
88,47935,464,359,16,30,1,-1,-1,-1
88,47934,699,359,60,54,1,-1,-1,-1
88,47902,275,364,34,12,1,-1,-1,-1
88,47888,70,365,26,14,1,-1,-1,-1
89,47938,473,360,18,19,1,-1,-1,-1
89,47935,459,359,18,33,1,-1,-1,-1
89,47934,699,359,60,54,1,-1,-1,-1
89,47902,270,364,34,12,1,-1,-1,-1
89,47888,71,365,26,14,1,-1,-1,-1
90,47938,470,360,23,19,1,-1,-1,-1
90,47935,454,359,20,34,1,-1,-1,-1
90,47934,699,359,61,54,1,-1,-1,-1
90,47902,264,364,35,12,1,-1,-1,-1
90,47888,71,365,26,14,1,-1,-1,-1
91,47938,467,360,29,19,1,-1,-1,-1
91,47935,449,359,22,34,1,-1,-1,-1
91,47934,700,359,60,54,1,-1,-1,-1
91,47902,259,364,35,12,1,-1,-1,-1
91,47888,72,365,27,14,1,-1,-1,-1
92,47938,463,360,36,20,1,-1,-1,-1
92,47935,443,359,24,35,1,-1,-1,-1
92,47934,700,359,60,54,1,-1,-1,-1
92,47902,253,364,36,12,1,-1,-1,-1
92,47888,73,365,26,14,1,-1,-1,-1
93,47938,459,360,43,20,1,-1,-1,-1
93,47935,437,359,27,36,1,-1,-1,-1
93,47934,700,359,61,54,1,-1,-1,-1
93,47902,247,364,36,13,1,-1,-1,-1
93,47888,74,365,26,14,1,-1,-1,-1
94,47938,459,360,47,20,1,-1,-1,-1
94,47935,430,359,30,37,1,-1,-1,-1
94,47934,700,359,61,54,1,-1,-1,-1
94,47902,242,364,36,13,1,-1,-1,-1
94,47888,74,365,26,15,1,-1,-1,-1
95,47938,461,360,48,20,1,-1,-1,-1
95,47935,423,359,33,38,1,-1,-1,-1
95,47934,700,359,61,54,1,-1,-1,-1
95,47902,236,364,36,13,1,-1,-1,-1
95,47888,75,365,26,15,1,-1,-1,-1
96,47938,464,360,48,20,1,-1,-1,-1
96,47935,415,359,37,39,1,-1,-1,-1
96,47934,700,359,62,55,1,-1,-1,-1
96,47902,230,364,37,13,1,-1,-1,-1
96,47888,76,365,26,15,1,-1,-1,-1
97,47938,467,360,49,20,1,-1,-1,-1
97,47935,407,359,41,39,1,-1,-1,-1
97,47934,700,359,62,55,1,-1,-1,-1
97,47902,225,364,36,13,1,-1,-1,-1
97,47888,76,366,26,14,1,-1,-1,-1
98,47938,470,360,49,21,1,-1,-1,-1
98,47935,398,359,46,40,1,-1,-1,-1
98,47934,700,359,62,55,1,-1,-1,-1
98,47902,218,364,38,13,1,-1,-1,-1
98,47888,77,365,26,15,1,-1,-1,-1
99,47938,473,360,49,21,1,-1,-1,-1
99,47935,389,359,50,41,1,-1,-1,-1
99,47934,701,359,62,55,1,-1,-1,-1
99,47902,212,364,38,13,1,-1,-1,-1
99,47888,76,365,27,15,1,-1,-1,-1
100,47938,476,360,50,21,1,-1,-1,-1
100,47935,379,359,55,42,1,-1,-1,-1
100,47934,701,359,62,55,1,-1,-1,-1
100,47902,206,364,38,13,1,-1,-1,-1
100,47888,77,366,26,14,1,-1,-1,-1
101,47938,479,360,50,21,1,-1,-1,-1
101,47935,368,359,61,44,1,-1,-1,-1
101,47934,701,359,63,55,1,-1,-1,-1
101,47902,200,364,38,13,1,-1,-1,-1
101,47888,77,366,26,14,1,-1,-1,-1
102,47938,482,360,50,21,1,-1,-1,-1
102,47935,357,359,67,45,1,-1,-1,-1
102,47934,701,359,63,56,1,-1,-1,-1
102,47902,193,364,39,14,1,-1,-1,-1
102,47888,77,366,27,15,1,-1,-1,-1
103,47938,486,360,50,21,1,-1,-1,-1
103,47935,347,359,72,46,1,-1,-1,-1
103,47934,701,359,64,56,1,-1,-1,-1
103,47902,187,364,39,14,1,-1,-1,-1
103,47888,77,366,27,15,1,-1,-1,-1
104,47938,489,360,46,21,1,-1,-1,-1
104,47935,337,359,76,48,1,-1,-1,-1
104,47934,701,359,64,56,1,-1,-1,-1
104,47902,180,365,40,13,1,-1,-1,-1
104,47888,78,366,26,15,1,-1,-1,-1
105,47938,492,360,42,22,1,-1,-1,-1
105,47935,327,359,80,49,1,-1,-1,-1
105,47934,702,359,63,56,1,-1,-1,-1
105,47916,850,364,10,15,1,-1,-1,-1
105,47902,174,365,40,13,1,-1,-1,-1
105,47888,78,366,26,15,1,-1,-1,-1
106,47938,496,360,36,22,1,-1,-1,-1
106,47935,317,359,83,51,1,-1,-1,-1
106,47934,702,359,64,56,1,-1,-1,-1
106,47916,849,361,13,18,1,-1,-1,-1
106,47902,167,365,41,13,1,-1,-1,-1
106,47888,78,366,26,15,1,-1,-1,-1
107,47938,499,360,52,22,1,-1,-1,-1
107,47935,306,359,87,52,1,-1,-1,-1
107,47934,702,359,64,57,1,-1,-1,-1
107,47916,848,358,16,21,1,-1,-1,-1
107,47902,160,365,41,13,1,-1,-1,-1
107,47888,78,366,27,15,1,-1,-1,-1
108,47938,503,360,52,22,1,-1,-1,-1
108,47935,294,359,92,54,1,-1,-1,-1
108,47934,702,359,65,57,1,-1,-1,-1
108,47916,846,355,21,24,1,-1,-1,-1
108,47902,153,365,22,13,1,-1,-1,-1
108,47888,78,366,26,16,1,-1,-1,-1
109,47938,506,360,51,22,1,-1,-1,-1
109,47935,282,359,96,56,1,-1,-1,-1
109,47934,702,359,65,57,1,-1,-1,-1
109,47916,845,355,24,25,1,-1,-1,-1
109,47888,82,366,23,16,1,-1,-1,-1
110,47938,510,360,52,22,1,-1,-1,-1
110,47935,269,359,101,58,1,-1,-1,-1
110,47934,703,359,65,57,1,-1,-1,-1
110,47922,0,368,8,13,1,-1,-1,-1
110,47916,844,355,27,25,1,-1,-1,-1
110,47888,77,366,27,16,1,-1,-1,-1
111,47938,513,360,50,23,1,-1,-1,-1
111,47935,254,359,108,60,1,-1,-1,-1
111,47934,703,359,65,57,1,-1,-1,-1
111,47922,0,367,9,14,1,-1,-1,-1
111,47916,842,354,31,25,1,-1,-1,-1
111,47902,166,365,9,13,1,-1,-1,-1
112,47938,517,360,46,21,1,-1,-1,-1
112,47935,238,359,114,62,1,-1,-1,-1
112,47934,703,359,66,58,1,-1,-1,-1
112,47922,0,367,10,14,1,-1,-1,-1
112,47916,841,354,34,24,1,-1,-1,-1
112,47902,131,365,37,14,1,-1,-1,-1
113,47938,536,360,26,21,1,-1,-1,-1
113,47935,221,359,122,65,1,-1,-1,-1
113,47934,703,359,67,58,1,-1,-1,-1
113,47916,840,354,38,25,1,-1,-1,-1
113,47902,117,365,44,14,1,-1,-1,-1
113,47888,88,366,16,17,1,-1,-1,-1
114,47938,535,360,44,22,1,-1,-1,-1
114,47935,203,359,129,67,1,-1,-1,-1
114,47934,704,359,66,58,1,-1,-1,-1
114,47916,839,354,41,26,1,-1,-1,-1
114,47902,110,365,44,14,1,-1,-1,-1
114,47888,76,366,28,17,1,-1,-1,-1
115,47938,533,360,46,23,1,-1,-1,-1
115,47935,183,359,138,71,1,-1,-1,-1
115,47934,704,359,67,58,1,-1,-1,-1
115,47922,4,368,9,13,1,-1,-1,-1
115,47916,838,354,45,26,1,-1,-1,-1
115,47902,102,365,45,14,1,-1,-1,-1
115,47888,76,366,28,17,1,-1,-1,-1
116,47938,533,360,54,23,1,-1,-1,-1
116,47935,161,359,147,74,1,-1,-1,-1
116,47934,704,359,67,59,1,-1,-1,-1
116,47922,0,364,14,18,1,-1,-1,-1
116,47916,837,354,48,27,1,-1,-1,-1
116,47902,96,365,44,14,1,-1,-1,-1
116,47888,76,366,27,17,1,-1,-1,-1
117,47938,537,360,54,23,1,-1,-1,-1
117,47935,136,359,159,77,1,-1,-1,-1
117,47934,704,359,68,59,1,-1,-1,-1
117,47922,0,364,15,18,1,-1,-1,-1
117,47916,836,354,52,27,1,-1,-1,-1
117,47902,95,365,38,14,1,-1,-1,-1
117,47888,75,366,26,17,1,-1,-1,-1
118,47938,541,360,55,23,1,-1,-1,-1
118,47935,109,359,172,81,1,-1,-1,-1
118,47934,705,359,68,59,1,-1,-1,-1
118,47922,0,364,16,18,1,-1,-1,-1
118,47916,835,354,55,27,1,-1,-1,-1
118,47902,78,365,47,15,1,-1,-1,-1
118,47888,75,366,28,17,1,-1,-1,-1
119,47938,545,360,55,23,1,-1,-1,-1
119,47935,79,359,186,85,1,-1,-1,-1
119,47934,705,359,68,60,1,-1,-1,-1
119,47922,0,364,17,18,1,-1,-1,-1
119,47916,834,354,59,27,1,-1,-1,-1
119,47902,70,365,35,15,1,-1,-1,-1
119,47888,74,366,24,18,1,-1,-1,-1
120,47938,549,360,56,23,1,-1,-1,-1
120,47935,45,358,203,91,1,-1,-1,-1
120,47934,705,359,69,60,1,-1,-1,-1
120,47922,0,363,18,19,1,-1,-1,-1
120,47916,833,354,63,27,1,-1,-1,-1
121,47938,553,360,57,24,1,-1,-1,-1
121,47935,7,358,223,97,1,-1,-1,-1
121,47934,706,359,69,60,1,-1,-1,-1
121,47922,0,363,19,19,1,-1,-1,-1
121,47916,832,354,66,27,1,-1,-1,-1
122,47938,567,360,47,25,1,-1,-1,-1
122,47935,0,358,209,103,1,-1,-1,-1
122,47934,706,359,70,61,1,-1,-1,-1
122,47916,831,354,69,28,1,-1,-1,-1
123,47938,566,360,53,25,1,-1,-1,-1
123,47935,0,358,187,110,1,-1,-1,-1
123,47934,706,359,71,61,1,-1,-1,-1
123,47916,829,354,70,28,1,-1,-1,-1
124,47938,567,360,57,25,1,-1,-1,-1
124,47935,0,358,161,117,1,-1,-1,-1
124,47934,707,359,70,61,1,-1,-1,-1
124,47916,828,354,65,28,1,-1,-1,-1
125,47938,571,359,58,26,1,-1,-1,-1
125,47935,0,358,133,102,1,-1,-1,-1
125,47934,707,359,71,62,1,-1,-1,-1
125,47916,827,354,69,28,1,-1,-1,-1
126,47938,577,359,57,26,1,-1,-1,-1
126,47935,0,358,102,109,1,-1,-1,-1
126,47934,707,359,72,62,1,-1,-1,-1
126,47916,825,354,71,28,1,-1,-1,-1
126,47888,82,367,17,18,1,-1,-1,-1
127,47938,580,359,59,27,1,-1,-1,-1
127,47935,0,358,66,117,1,-1,-1,-1
127,47934,708,359,72,62,1,-1,-1,-1
127,47916,824,354,71,28,1,-1,-1,-1
127,47902,40,366,11,13,1,-1,-1,-1
127,47888,68,367,31,18,1,-1,-1,-1
128,47938,585,359,59,27,1,-1,-1,-1
128,47935,0,371,25,84,1,-1,-1,-1
128,47934,708,359,73,63,1,-1,-1,-1
128,47922,0,361,22,22,1,-1,-1,-1
128,47916,823,354,71,29,1,-1,-1,-1
128,47902,6,365,36,16,1,-1,-1,-1
128,47888,67,367,31,18,1,-1,-1,-1
129,47938,590,359,60,27,1,-1,-1,-1
129,47934,708,359,74,63,1,-1,-1,-1
129,47922,0,361,23,23,1,-1,-1,-1
129,47916,821,353,73,30,1,-1,-1,-1
129,47902,7,365,26,16,1,-1,-1,-1
129,47888,67,367,30,19,1,-1,-1,-1
130,47938,595,359,60,27,1,-1,-1,-1
130,47934,709,359,74,64,1,-1,-1,-1
130,47922,0,361,23,23,1,-1,-1,-1
130,47916,820,353,73,30,1,-1,-1,-1
130,47902,5,366,19,15,1,-1,-1,-1
130,47888,66,367,31,19,1,-1,-1,-1
131,47938,600,359,60,28,1,-1,-1,-1
131,47934,709,359,75,64,1,-1,-1,-1
131,47922,0,361,23,23,1,-1,-1,-1
131,47916,819,353,73,30,1,-1,-1,-1
131,47888,65,367,31,19,1,-1,-1,-1
132,47938,605,359,61,28,1,-1,-1,-1
132,47934,710,359,75,64,1,-1,-1,-1
132,47922,0,361,23,23,1,-1,-1,-1
132,47916,817,353,74,30,1,-1,-1,-1
132,47888,64,367,31,19,1,-1,-1,-1
133,47938,610,359,62,28,1,-1,-1,-1
133,47934,710,359,76,65,1,-1,-1,-1
133,47922,0,361,23,23,1,-1,-1,-1
133,47916,816,353,75,31,1,-1,-1,-1
133,47888,62,367,32,20,1,-1,-1,-1
134,47938,616,359,62,28,1,-1,-1,-1
134,47934,710,359,77,65,1,-1,-1,-1
134,47922,0,361,22,23,1,-1,-1,-1
134,47916,815,353,75,31,1,-1,-1,-1
134,47888,61,367,32,20,1,-1,-1,-1
135,47938,621,359,63,29,1,-1,-1,-1
135,47934,711,358,77,67,1,-1,-1,-1
135,47922,0,361,22,24,1,-1,-1,-1
135,47916,814,353,75,31,1,-1,-1,-1
135,47888,60,367,33,20,1,-1,-1,-1
136,47938,627,359,63,29,1,-1,-1,-1
136,47934,711,358,78,67,1,-1,-1,-1
136,47922,0,361,22,24,1,-1,-1,-1
136,47916,812,353,77,31,1,-1,-1,-1
136,47888,59,367,32,20,1,-1,-1,-1
137,47938,632,359,64,29,1,-1,-1,-1
137,47934,712,358,78,68,1,-1,-1,-1
137,47922,0,361,21,24,1,-1,-1,-1
137,47916,811,353,77,31,1,-1,-1,-1
137,47888,85,371,5,17,1,-1,-1,-1
138,47938,638,359,64,29,1,-1,-1,-1
138,47934,712,358,79,68,1,-1,-1,-1
138,47916,810,353,77,31,1,-1,-1,-1
138,47888,56,367,34,21,1,-1,-1,-1
139,47938,644,359,65,30,1,-1,-1,-1
139,47934,713,358,79,69,1,-1,-1,-1
139,47922,0,362,21,23,1,-1,-1,-1
139,47916,808,353,78,32,1,-1,-1,-1
139,47888,54,367,34,21,1,-1,-1,-1
140,47938,649,359,66,30,1,-1,-1,-1
140,47934,713,358,81,69,1,-1,-1,-1
140,47922,0,362,20,24,1,-1,-1,-1
140,47916,807,353,79,32,1,-1,-1,-1
140,47888,54,367,33,21,1,-1,-1,-1
141,47938,655,359,64,30,1,-1,-1,-1
141,47934,714,358,81,69,1,-1,-1,-1
141,47922,0,362,20,24,1,-1,-1,-1
141,47916,806,352,79,33,1,-1,-1,-1
141,47888,51,367,35,21,1,-1,-1,-1
142,47938,661,359,61,30,1,-1,-1,-1
142,47934,714,358,82,70,1,-1,-1,-1
142,47922,0,363,19,22,1,-1,-1,-1
142,47916,804,352,80,33,1,-1,-1,-1
142,47888,51,367,35,21,1,-1,-1,-1
143,47938,667,358,60,31,1,-1,-1,-1
143,47934,715,358,82,70,1,-1,-1,-1
143,47922,0,363,19,23,1,-1,-1,-1
143,47916,802,352,81,33,1,-1,-1,-1
143,47888,49,367,35,21,1,-1,-1,-1
144,47938,673,358,57,31,1,-1,-1,-1
144,47934,715,357,83,71,1,-1,-1,-1
144,47922,0,363,19,23,1,-1,-1,-1
144,47916,800,352,81,33,1,-1,-1,-1
144,47888,48,367,35,21,1,-1,-1,-1
145,47938,680,358,53,31,1,-1,-1,-1
145,47934,715,357,85,71,1,-1,-1,-1
145,47922,0,363,18,23,1,-1,-1,-1
145,47916,798,351,79,34,1,-1,-1,-1
145,47888,46,366,36,22,1,-1,-1,-1
146,47938,686,358,49,31,1,-1,-1,-1
146,47934,716,357,85,72,1,-1,-1,-1
146,47922,0,364,18,22,1,-1,-1,-1
146,47916,797,351,81,34,1,-1,-1,-1
146,47888,44,366,37,23,1,-1,-1,-1
147,47938,693,358,46,32,1,-1,-1,-1
147,47934,717,356,86,73,1,-1,-1,-1
147,47922,0,364,17,22,1,-1,-1,-1
147,47916,798,351,79,34,1,-1,-1,-1
147,47888,43,367,37,22,1,-1,-1,-1
148,47938,699,358,40,32,1,-1,-1,-1
148,47934,717,356,88,74,1,-1,-1,-1
148,47922,0,364,17,22,1,-1,-1,-1
148,47916,799,351,76,34,1,-1,-1,-1
148,47888,42,367,36,22,1,-1,-1,-1
149,47938,706,358,35,32,1,-1,-1,-1
149,47934,718,356,89,75,1,-1,-1,-1
149,47922,0,364,16,22,1,-1,-1,-1
149,47916,800,351,73,34,1,-1,-1,-1
149,47888,40,367,37,23,1,-1,-1,-1
150,47938,713,358,29,28,1,-1,-1,-1
150,47934,719,356,89,76,1,-1,-1,-1
150,47922,0,364,16,23,1,-1,-1,-1
150,47916,801,351,70,35,1,-1,-1,-1
150,47888,39,367,37,23,1,-1,-1,-1
151,47938,720,358,24,27,1,-1,-1,-1
151,47934,720,356,90,77,1,-1,-1,-1
151,47922,0,364,15,23,1,-1,-1,-1
151,47916,801,351,68,35,1,-1,-1,-1
151,47888,37,367,38,23,1,-1,-1,-1
152,47934,720,357,92,77,1,-1,-1,-1
152,47922,0,365,15,22,1,-1,-1,-1
152,47916,801,351,66,35,1,-1,-1,-1
152,47888,36,367,38,24,1,-1,-1,-1
153,47938,741,358,70,25,1,-1,-1,-1
153,47934,721,357,93,78,1,-1,-1,-1
153,47922,0,365,14,23,1,-1,-1,-1
153,47916,800,351,65,36,1,-1,-1,-1
153,47888,34,367,38,24,1,-1,-1,-1
154,47938,803,359,16,26,1,-1,-1,-1
154,47934,722,357,94,79,1,-1,-1,-1
154,47922,0,365,14,23,1,-1,-1,-1
154,47916,798,351,65,36,1,-1,-1,-1
154,47888,33,367,38,24,1,-1,-1,-1
155,47938,804,359,24,31,1,-1,-1,-1
155,47934,723,357,95,79,1,-1,-1,-1
155,47922,0,365,13,23,1,-1,-1,-1
155,47916,795,351,65,36,1,-1,-1,-1
155,47888,31,367,40,25,1,-1,-1,-1
156,47938,802,358,35,35,1,-1,-1,-1
156,47934,723,357,96,80,1,-1,-1,-1
156,47922,0,365,13,23,1,-1,-1,-1
156,47916,792,351,65,36,1,-1,-1,-1
156,47888,29,368,40,24,1,-1,-1,-1
157,47938,803,358,43,35,1,-1,-1,-1
157,47934,724,357,97,81,1,-1,-1,-1
157,47922,0,365,12,24,1,-1,-1,-1
157,47916,789,351,66,36,1,-1,-1,-1
157,47888,27,368,41,24,1,-1,-1,-1
158,47938,804,358,51,35,1,-1,-1,-1
158,47934,725,357,98,81,1,-1,-1,-1
158,47922,0,366,11,23,1,-1,-1,-1
158,47916,786,351,65,18,1,-1,-1,-1
158,47888,26,368,41,24,1,-1,-1,-1
159,47938,805,358,59,36,1,-1,-1,-1
159,47934,725,357,99,82,1,-1,-1,-1
159,47922,0,369,11,20,1,-1,-1,-1
159,47916,781,350,66,38,1,-1,-1,-1
159,47888,24,368,41,25,1,-1,-1,-1
160,47938,806,358,67,36,1,-1,-1,-1
160,47934,726,358,100,82,1,-1,-1,-1
160,47922,0,369,10,20,1,-1,-1,-1
160,47916,778,350,66,38,1,-1,-1,-1
160,47888,22,368,42,25,1,-1,-1,-1
161,47938,807,358,76,36,1,-1,-1,-1
161,47934,727,358,100,82,1,-1,-1,-1
161,47922,0,370,10,19,1,-1,-1,-1
161,47916,774,350,66,38,1,-1,-1,-1
161,47888,21,368,42,25,1,-1,-1,-1
162,47938,813,358,79,37,1,-1,-1,-1
162,47934,727,358,102,83,1,-1,-1,-1
162,47922,0,370,9,20,1,-1,-1,-1
162,47888,19,368,42,26,1,-1,-1,-1
163,47938,819,358,83,37,1,-1,-1,-1
163,47934,728,358,102,83,1,-1,-1,-1
163,47922,0,370,9,20,1,-1,-1,-1
163,47916,766,350,67,11,1,-1,-1,-1
163,47888,17,368,43,26,1,-1,-1,-1
164,47938,825,358,87,37,1,-1,-1,-1
164,47934,728,357,104,85,1,-1,-1,-1
164,47922,0,370,8,20,1,-1,-1,-1
164,47916,761,350,69,20,1,-1,-1,-1
164,47888,15,368,40,27,1,-1,-1,-1
165,47938,831,358,91,38,1,-1,-1,-1
165,47934,729,357,105,86,1,-1,-1,-1
165,47916,733,350,94,33,1,-1,-1,-1
166,47938,841,358,91,38,1,-1,-1,-1
166,47934,729,357,106,86,1,-1,-1,-1
166,47916,728,350,93,35,1,-1,-1,-1
167,47938,850,358,93,39,1,-1,-1,-1
167,47934,730,357,107,87,1,-1,-1,-1
167,47916,723,350,94,39,1,-1,-1,-1
167,47888,45,374,9,22,1,-1,-1,-1
168,47938,859,358,95,39,1,-1,-1,-1
168,47934,731,357,108,88,1,-1,-1,-1
168,47924,1114,364,17,23,1,-1,-1,-1
168,47916,718,350,94,40,1,-1,-1,-1
168,47888,8,369,45,27,1,-1,-1,-1
169,47938,869,358,96,40,1,-1,-1,-1
169,47934,731,357,109,88,1,-1,-1,-1
169,47924,1112,360,26,27,1,-1,-1,-1
169,47916,713,350,94,41,1,-1,-1,-1
169,47888,6,369,43,27,1,-1,-1,-1
170,47938,878,358,98,40,1,-1,-1,-1
170,47934,732,357,110,89,1,-1,-1,-1
170,47924,1112,353,32,35,1,-1,-1,-1
170,47916,707,350,95,41,1,-1,-1,-1
170,47888,4,369,46,28,1,-1,-1,-1
171,47938,888,358,99,40,1,-1,-1,-1
171,47934,733,357,110,90,1,-1,-1,-1
171,47924,1120,352,36,36,1,-1,-1,-1
171,47916,701,350,96,42,1,-1,-1,-1
171,47888,3,369,45,28,1,-1,-1,-1
172,47938,898,358,101,41,1,-1,-1,-1
172,47934,733,357,112,90,1,-1,-1,-1
172,47924,1108,352,57,37,1,-1,-1,-1
172,47916,695,349,97,43,1,-1,-1,-1
172,47888,0,369,48,29,1,-1,-1,-1
173,47938,909,358,102,41,1,-1,-1,-1
173,47934,734,357,113,91,1,-1,-1,-1
173,47924,1107,352,67,37,1,-1,-1,-1
173,47916,689,349,98,44,1,-1,-1,-1
173,47888,0,369,46,29,1,-1,-1,-1
174,47938,919,358,104,42,1,-1,-1,-1
174,47934,734,357,115,92,1,-1,-1,-1
174,47924,1105,352,78,36,1,-1,-1,-1
174,47916,683,349,99,44,1,-1,-1,-1
174,47888,0,369,44,29,1,-1,-1,-1
175,47938,930,358,105,42,1,-1,-1,-1
175,47934,735,357,115,92,1,-1,-1,-1
175,47924,1104,352,89,37,1,-1,-1,-1
175,47916,677,349,99,44,1,-1,-1,-1
175,47888,0,369,43,30,1,-1,-1,-1
176,47938,940,358,107,42,1,-1,-1,-1
176,47934,736,357,116,93,1,-1,-1,-1
176,47924,1102,352,101,38,1,-1,-1,-1
176,47916,671,349,100,45,1,-1,-1,-1
176,47888,0,369,41,30,1,-1,-1,-1
177,47938,951,358,109,43,1,-1,-1,-1
177,47934,737,357,116,94,1,-1,-1,-1
177,47924,1101,352,112,38,1,-1,-1,-1
177,47916,664,349,101,45,1,-1,-1,-1
177,47888,0,369,39,31,1,-1,-1,-1
178,47938,963,358,110,43,1,-1,-1,-1
178,47934,739,357,116,94,1,-1,-1,-1
178,47924,1100,352,122,38,1,-1,-1,-1
178,47916,657,349,103,46,1,-1,-1,-1
178,47888,0,370,38,30,1,-1,-1,-1
179,47938,974,358,112,44,1,-1,-1,-1
179,47934,740,357,116,95,1,-1,-1,-1
179,47924,1098,352,123,38,1,-1,-1,-1
179,47916,651,349,104,46,1,-1,-1,-1
179,47888,0,370,37,30,1,-1,-1,-1
180,47938,986,358,113,44,1,-1,-1,-1
180,47934,741,357,117,96,1,-1,-1,-1
180,47924,1098,352,123,38,1,-1,-1,-1
180,47916,644,349,106,47,1,-1,-1,-1
180,47888,0,370,35,31,1,-1,-1,-1
181,47938,997,358,116,45,1,-1,-1,-1
181,47934,742,357,118,96,1,-1,-1,-1
181,47924,1106,352,114,39,1,-1,-1,-1
181,47916,637,348,108,48,1,-1,-1,-1
181,47888,0,370,33,31,1,-1,-1,-1
182,47938,1009,358,118,45,1,-1,-1,-1
182,47934,743,357,118,97,1,-1,-1,-1
182,47924,1115,352,104,39,1,-1,-1,-1
182,47916,630,348,109,49,1,-1,-1,-1
182,47888,0,370,31,32,1,-1,-1,-1
183,47938,1021,358,120,46,1,-1,-1,-1
183,47934,744,357,118,97,1,-1,-1,-1
183,47924,1120,352,87,40,1,-1,-1,-1
183,47916,623,348,110,50,1,-1,-1,-1
183,47888,0,370,28,32,1,-1,-1,-1
184,47938,1034,358,121,46,1,-1,-1,-1
184,47934,745,357,119,98,1,-1,-1,-1
184,47924,1121,352,96,39,1,-1,-1,-1
184,47916,616,348,111,50,1,-1,-1,-1
184,47888,0,370,27,33,1,-1,-1,-1
185,47938,1046,358,124,47,1,-1,-1,-1
185,47934,747,357,118,98,1,-1,-1,-1
185,47924,1119,352,99,40,1,-1,-1,-1
185,47916,608,348,113,51,1,-1,-1,-1
185,47888,0,370,25,31,1,-1,-1,-1
186,47938,1059,358,126,47,1,-1,-1,-1
186,47934,748,358,119,98,1,-1,-1,-1
186,47924,1118,352,95,40,1,-1,-1,-1
186,47916,601,348,114,52,1,-1,-1,-1
186,47888,0,371,24,30,1,-1,-1,-1
187,47938,1072,358,128,48,1,-1,-1,-1
187,47934,749,357,119,99,1,-1,-1,-1
187,47924,1117,351,99,35,1,-1,-1,-1
187,47916,593,348,116,52,1,-1,-1,-1
187,47888,0,370,27,34,1,-1,-1,-1
188,47938,1086,358,129,48,1,-1,-1,-1
188,47934,749,358,120,98,1,-1,-1,-1
188,47924,1084,351,132,35,1,-1,-1,-1
188,47916,586,347,117,54,1,-1,-1,-1
188,47888,0,371,26,34,1,-1,-1,-1
189,47938,1099,358,132,49,1,-1,-1,-1
189,47934,750,357,120,99,1,-1,-1,-1
189,47924,1083,351,128,40,1,-1,-1,-1
189,47916,578,347,118,55,1,-1,-1,-1
190,47938,1113,358,134,49,1,-1,-1,-1
190,47934,751,357,121,99,1,-1,-1,-1
190,47924,1081,351,129,42,1,-1,-1,-1
190,47916,569,347,121,55,1,-1,-1,-1
190,47888,0,371,27,34,1,-1,-1,-1
191,47938,1127,358,137,50,1,-1,-1,-1
191,47934,752,357,121,100,1,-1,-1,-1
191,47924,1080,351,130,42,1,-1,-1,-1
191,47916,561,347,122,56,1,-1,-1,-1
191,47888,0,371,29,35,1,-1,-1,-1
192,47938,1142,358,137,50,1,-1,-1,-1
192,47934,753,357,121,100,1,-1,-1,-1
192,47924,1078,351,131,43,1,-1,-1,-1
192,47916,553,347,124,57,1,-1,-1,-1
192,47888,0,371,30,36,1,-1,-1,-1
193,47938,1156,358,123,51,1,-1,-1,-1
193,47934,754,357,121,100,1,-1,-1,-1
193,47924,1076,351,132,43,1,-1,-1,-1
193,47916,544,347,126,58,1,-1,-1,-1
193,47888,0,372,31,35,1,-1,-1,-1
194,47938,1171,358,108,51,1,-1,-1,-1
194,47934,755,357,121,100,1,-1,-1,-1
194,47924,1075,351,133,43,1,-1,-1,-1
194,47916,535,346,128,60,1,-1,-1,-1
194,47888,0,372,35,36,1,-1,-1,-1
195,47938,1186,358,93,52,1,-1,-1,-1
195,47934,755,357,122,100,1,-1,-1,-1
195,47924,1073,351,134,44,1,-1,-1,-1
195,47916,525,346,131,61,1,-1,-1,-1
195,47888,0,372,36,36,1,-1,-1,-1
196,47938,1202,358,77,53,1,-1,-1,-1
196,47934,756,357,122,100,1,-1,-1,-1
196,47924,1071,351,135,44,1,-1,-1,-1
196,47916,516,346,132,62,1,-1,-1,-1
196,47888,0,372,39,37,1,-1,-1,-1
197,47938,1217,358,62,53,1,-1,-1,-1
197,47934,758,357,121,100,1,-1,-1,-1
197,47924,1070,351,140,44,1,-1,-1,-1
197,47916,506,346,135,63,1,-1,-1,-1
197,47888,0,372,43,37,1,-1,-1,-1
198,47938,1233,358,46,51,1,-1,-1,-1
198,47934,759,357,121,101,1,-1,-1,-1
198,47924,1068,351,141,45,1,-1,-1,-1
198,47916,496,345,137,65,1,-1,-1,-1
198,47888,0,372,45,38,1,-1,-1,-1
199,47938,1249,358,30,51,1,-1,-1,-1
199,47934,761,357,119,101,1,-1,-1,-1
199,47924,1066,351,142,45,1,-1,-1,-1
199,47916,485,345,141,67,1,-1,-1,-1
199,47888,0,372,48,38,1,-1,-1,-1
200,47938,1266,362,13,41,1,-1,-1,-1
200,47934,762,357,119,101,1,-1,-1,-1
200,47924,1065,351,142,45,1,-1,-1,-1
200,47916,474,345,144,68,1,-1,-1,-1
200,47888,0,372,51,39,1,-1,-1,-1
201,47934,764,357,118,101,1,-1,-1,-1
201,47924,1063,351,144,46,1,-1,-1,-1
201,47916,467,344,143,70,1,-1,-1,-1
201,47888,0,373,54,38,1,-1,-1,-1
202,47934,766,357,117,101,1,-1,-1,-1
202,47924,1061,351,145,46,1,-1,-1,-1
202,47916,451,344,150,72,1,-1,-1,-1
202,47888,0,373,56,39,1,-1,-1,-1
203,47934,768,357,115,101,1,-1,-1,-1
203,47924,1060,351,146,46,1,-1,-1,-1
203,47916,440,344,153,73,1,-1,-1,-1
203,47888,0,373,60,39,1,-1,-1,-1
204,47934,770,358,114,100,1,-1,-1,-1
204,47924,1059,350,147,47,1,-1,-1,-1
204,47916,427,343,157,76,1,-1,-1,-1
204,47888,0,373,61,40,1,-1,-1,-1
205,47934,773,358,111,99,1,-1,-1,-1
205,47924,1059,350,148,48,1,-1,-1,-1
205,47916,415,343,160,78,1,-1,-1,-1
205,47888,0,373,60,41,1,-1,-1,-1
206,47934,775,358,110,99,1,-1,-1,-1
206,47924,1058,351,150,48,1,-1,-1,-1
206,47916,401,343,165,80,1,-1,-1,-1
206,47888,0,374,56,41,1,-1,-1,-1
207,47934,778,358,108,99,1,-1,-1,-1
207,47924,1058,351,151,48,1,-1,-1,-1
207,47916,388,343,169,78,1,-1,-1,-1
207,47888,0,374,52,41,1,-1,-1,-1
208,47934,781,359,105,97,1,-1,-1,-1
208,47924,1058,351,152,48,1,-1,-1,-1
208,47916,373,342,175,85,1,-1,-1,-1
208,47888,0,374,48,42,1,-1,-1,-1
209,47934,785,358,102,97,1,-1,-1,-1
209,47924,1058,350,153,49,1,-1,-1,-1
209,47916,358,342,180,87,1,-1,-1,-1
209,47888,0,374,44,43,1,-1,-1,-1
210,47934,788,357,100,97,1,-1,-1,-1
210,47924,1057,350,154,49,1,-1,-1,-1
210,47916,342,340,186,90,1,-1,-1,-1
210,47888,0,373,44,43,1,-1,-1,-1
211,47934,791,357,98,95,1,-1,-1,-1
211,47924,1057,349,155,49,1,-1,-1,-1
211,47916,326,339,192,93,1,-1,-1,-1
211,47888,0,373,42,43,1,-1,-1,-1
212,47934,795,356,94,95,1,-1,-1,-1
212,47924,1056,348,156,50,1,-1,-1,-1
212,47916,309,338,198,97,1,-1,-1,-1
212,47888,0,373,42,43,1,-1,-1,-1
213,47934,799,356,91,94,1,-1,-1,-1
213,47924,1055,349,157,50,1,-1,-1,-1
213,47916,291,338,205,100,1,-1,-1,-1
213,47888,0,373,39,44,1,-1,-1,-1
214,47934,803,357,89,93,1,-1,-1,-1
214,47924,1054,349,158,51,1,-1,-1,-1
214,47916,272,337,213,104,1,-1,-1,-1
214,47888,0,374,39,45,1,-1,-1,-1
215,47934,807,358,86,92,1,-1,-1,-1
215,47924,1053,350,159,51,1,-1,-1,-1
215,47916,251,338,222,108,1,-1,-1,-1
215,47888,0,375,36,45,1,-1,-1,-1
216,47934,810,359,86,91,1,-1,-1,-1
216,47924,1052,351,160,51,1,-1,-1,-1
216,47916,229,338,232,113,1,-1,-1,-1
216,47888,0,376,34,46,1,-1,-1,-1
217,47934,813,359,86,91,1,-1,-1,-1
217,47924,1050,351,162,52,1,-1,-1,-1
217,47916,204,337,245,118,1,-1,-1,-1
217,47888,0,377,32,46,1,-1,-1,-1
218,47934,817,359,88,91,1,-1,-1,-1
218,47924,1049,351,163,52,1,-1,-1,-1
218,47916,178,336,257,124,1,-1,-1,-1
218,47888,0,377,19,47,1,-1,-1,-1
219,47934,820,359,90,90,1,-1,-1,-1
219,47924,1047,350,165,53,1,-1,-1,-1
219,47916,151,335,270,130,1,-1,-1,-1
220,47934,824,358,92,89,1,-1,-1,-1
220,47924,1045,350,166,53,1,-1,-1,-1
220,47916,121,333,286,137,1,-1,-1,-1
221,47934,828,357,94,89,1,-1,-1,-1
221,47924,1043,349,167,54,1,-1,-1,-1
221,47916,88,331,304,144,1,-1,-1,-1
222,47934,833,357,95,88,1,-1,-1,-1
222,47924,1041,349,168,54,1,-1,-1,-1
222,47916,52,329,325,153,1,-1,-1,-1
223,47934,837,357,97,87,1,-1,-1,-1
223,47924,1039,349,169,54,1,-1,-1,-1
223,47916,12,328,344,162,1,-1,-1,-1
223,47888,0,377,30,49,1,-1,-1,-1
224,47934,842,358,99,86,1,-1,-1,-1
224,47924,1037,349,170,55,1,-1,-1,-1
224,47916,0,327,343,172,1,-1,-1,-1
224,47888,0,377,31,37,1,-1,-1,-1
225,47934,848,358,101,86,1,-1,-1,-1
225,47924,1034,350,172,55,1,-1,-1,-1
225,47916,0,325,324,184,1,-1,-1,-1
225,47888,0,377,6,9,1,-1,-1,-1
226,47934,853,358,103,85,1,-1,-1,-1
226,47924,1033,350,172,55,1,-1,-1,-1
226,47916,0,323,305,198,1,-1,-1,-1
227,47934,859,358,105,84,1,-1,-1,-1
227,47924,1031,349,173,57,1,-1,-1,-1
227,47916,0,321,284,213,1,-1,-1,-1
228,47934,865,357,107,84,1,-1,-1,-1
228,47924,1029,349,175,57,1,-1,-1,-1
228,47916,0,317,261,194,1,-1,-1,-1
229,47934,872,357,109,84,1,-1,-1,-1
229,47924,1027,349,176,57,1,-1,-1,-1
229,47916,0,314,236,197,1,-1,-1,-1
230,47934,878,357,112,83,1,-1,-1,-1
230,47924,1025,348,177,58,1,-1,-1,-1
230,47916,0,311,210,200,1,-1,-1,-1
231,47934,885,357,114,83,1,-1,-1,-1
231,47924,1023,348,179,58,1,-1,-1,-1
231,47916,0,311,180,200,1,-1,-1,-1
232,47934,893,357,116,83,1,-1,-1,-1
232,47924,1021,349,180,58,1,-1,-1,-1
232,47916,0,311,147,209,1,-1,-1,-1
233,47934,900,358,120,82,1,-1,-1,-1
233,47924,1019,349,181,59,1,-1,-1,-1
233,47916,0,311,110,223,1,-1,-1,-1
234,47934,908,358,123,81,1,-1,-1,-1
234,47924,1029,349,170,59,1,-1,-1,-1
234,47916,0,312,67,215,1,-1,-1,-1
234,47888,61,389,25,47,1,-1,-1,-1
235,47934,917,358,127,81,1,-1,-1,-1
235,47924,1035,349,163,60,1,-1,-1,-1
235,47916,0,347,17,158,1,-1,-1,-1
235,47888,11,379,76,58,1,-1,-1,-1
236,47934,926,358,131,81,1,-1,-1,-1
236,47924,1045,349,152,60,1,-1,-1,-1
236,47888,0,380,92,59,1,-1,-1,-1
237,47934,937,358,135,81,1,-1,-1,-1
237,47924,1049,349,149,61,1,-1,-1,-1
237,47888,2,381,96,60,1,-1,-1,-1
238,47934,949,359,140,81,1,-1,-1,-1
238,47924,1056,349,144,62,1,-1,-1,-1
238,47888,8,382,98,60,1,-1,-1,-1
239,47934,961,359,145,82,1,-1,-1,-1
239,47924,1056,350,146,62,1,-1,-1,-1
239,47888,15,383,99,61,1,-1,-1,-1
240,47934,974,360,151,82,1,-1,-1,-1
240,47924,1057,350,147,64,1,-1,-1,-1
240,47888,21,384,100,62,1,-1,-1,-1
241,47934,988,361,157,82,1,-1,-1,-1
241,47924,1057,351,149,64,1,-1,-1,-1
241,47888,29,385,103,63,1,-1,-1,-1
242,47934,1003,361,163,83,1,-1,-1,-1
242,47924,1057,351,151,63,1,-1,-1,-1
242,47888,36,386,92,64,1,-1,-1,-1
243,47934,1018,361,170,83,1,-1,-1,-1
243,47924,1009,351,201,58,1,-1,-1,-1
243,47888,46,388,105,63,1,-1,-1,-1
244,47934,1034,360,177,84,1,-1,-1,-1
244,47924,1009,350,202,62,1,-1,-1,-1
244,47888,54,386,106,66,1,-1,-1,-1
245,47934,1051,360,183,84,1,-1,-1,-1
245,47924,1008,350,198,66,1,-1,-1,-1
245,47888,75,386,96,68,1,-1,-1,-1
246,47934,1069,360,190,85,1,-1,-1,-1
246,47924,1006,349,201,68,1,-1,-1,-1
246,47888,71,386,111,69,1,-1,-1,-1
247,47934,1088,361,191,86,1,-1,-1,-1
247,47924,1005,351,204,68,1,-1,-1,-1
247,47922,0,389,17,44,1,-1,-1,-1
247,47888,79,388,114,71,1,-1,-1,-1
248,47934,1109,362,170,88,1,-1,-1,-1
248,47924,1004,352,207,69,1,-1,-1,-1
248,47922,0,390,21,47,1,-1,-1,-1
248,47888,86,389,115,73,1,-1,-1,-1
249,47934,1131,362,148,89,1,-1,-1,-1
249,47924,1003,352,210,70,1,-1,-1,-1
249,47922,0,390,24,49,1,-1,-1,-1
249,47888,92,390,120,75,1,-1,-1,-1
250,47934,1154,362,125,90,1,-1,-1,-1
250,47924,1002,351,212,71,1,-1,-1,-1
250,47922,0,380,28,60,1,-1,-1,-1
250,47888,98,391,124,76,1,-1,-1,-1
251,47934,1178,361,101,92,1,-1,-1,-1
251,47924,1000,350,216,73,1,-1,-1,-1
251,47922,0,378,32,63,1,-1,-1,-1
251,47888,102,390,124,79,1,-1,-1,-1
252,47934,1203,360,76,85,1,-1,-1,-1
252,47924,997,349,220,74,1,-1,-1,-1
252,47922,0,378,36,63,1,-1,-1,-1
252,47888,106,390,129,81,1,-1,-1,-1
253,47934,1230,360,49,85,1,-1,-1,-1
253,47924,995,348,229,75,1,-1,-1,-1
253,47922,0,377,41,65,1,-1,-1,-1
253,47888,110,390,131,83,1,-1,-1,-1
254,47934,1257,362,22,74,1,-1,-1,-1
254,47924,992,346,232,77,1,-1,-1,-1
254,47922,0,376,46,67,1,-1,-1,-1
254,47888,115,389,136,86,1,-1,-1,-1
255,47924,988,344,236,77,1,-1,-1,-1
255,47922,0,372,53,70,1,-1,-1,-1
255,47888,125,388,138,88,1,-1,-1,-1
256,47924,984,340,238,78,1,-1,-1,-1
256,47922,0,361,63,78,1,-1,-1,-1
256,47888,135,385,139,90,1,-1,-1,-1
257,47924,979,335,239,79,1,-1,-1,-1
257,47922,0,335,76,101,1,-1,-1,-1
257,47888,146,381,141,91,1,-1,-1,-1
258,47924,972,331,239,80,1,-1,-1,-1
258,47922,0,328,91,112,1,-1,-1,-1
258,47888,159,377,142,92,1,-1,-1,-1
259,47924,963,330,240,79,1,-1,-1,-1
259,47922,0,326,106,115,1,-1,-1,-1
259,47888,174,376,143,92,1,-1,-1,-1
260,47924,955,331,239,80,1,-1,-1,-1
260,47922,0,327,122,116,1,-1,-1,-1
260,47888,188,377,142,93,1,-1,-1,-1
261,47924,946,334,239,80,1,-1,-1,-1
261,47922,0,329,138,117,1,-1,-1,-1
261,47888,198,380,144,93,1,-1,-1,-1
262,47924,937,336,239,81,1,-1,-1,-1
262,47922,0,331,153,118,1,-1,-1,-1
262,47888,209,383,144,94,1,-1,-1,-1
263,47924,928,339,239,81,1,-1,-1,-1
263,47922,0,333,169,120,1,-1,-1,-1
263,47888,219,386,145,95,1,-1,-1,-1
264,47924,918,341,240,81,1,-1,-1,-1
264,47922,0,334,184,121,1,-1,-1,-1
264,47888,224,388,147,96,1,-1,-1,-1
265,47924,909,343,240,81,1,-1,-1,-1
265,47922,0,336,200,122,1,-1,-1,-1
265,47888,226,390,148,97,1,-1,-1,-1
266,47924,899,344,241,82,1,-1,-1,-1
266,47922,0,337,215,123,1,-1,-1,-1
266,47888,227,392,149,98,1,-1,-1,-1
267,47924,889,345,242,83,1,-1,-1,-1
267,47922,0,338,231,125,1,-1,-1,-1
267,47888,229,394,151,99,1,-1,-1,-1
268,47924,879,346,243,84,1,-1,-1,-1
268,47922,0,339,246,126,1,-1,-1,-1
268,47888,232,396,154,100,1,-1,-1,-1
269,47924,869,347,244,85,1,-1,-1,-1
269,47922,0,340,260,127,1,-1,-1,-1
269,47888,237,397,156,103,1,-1,-1,-1
270,47924,859,348,246,85,1,-1,-1,-1
270,47922,0,340,276,130,1,-1,-1,-1
270,47888,242,399,157,104,1,-1,-1,-1
271,47924,849,348,247,87,1,-1,-1,-1
271,47922,0,341,291,131,1,-1,-1,-1
271,47888,247,400,161,107,1,-1,-1,-1
272,47924,839,348,248,88,1,-1,-1,-1
272,47922,0,340,304,134,1,-1,-1,-1
272,47888,251,401,164,109,1,-1,-1,-1
273,47924,830,347,251,88,1,-1,-1,-1
273,47922,0,340,321,136,1,-1,-1,-1
273,47888,259,402,168,111,1,-1,-1,-1
274,47924,825,345,254,90,1,-1,-1,-1
274,47922,0,340,343,137,1,-1,-1,-1
274,47888,272,402,170,114,1,-1,-1,-1
275,47924,819,343,257,91,1,-1,-1,-1
275,47922,0,338,366,140,1,-1,-1,-1
275,47888,284,402,173,115,1,-1,-1,-1
276,47924,812,342,259,92,1,-1,-1,-1
276,47922,0,337,387,141,1,-1,-1,-1
276,47888,297,401,175,118,1,-1,-1,-1
277,47924,805,341,261,94,1,-1,-1,-1
277,47922,15,335,395,143,1,-1,-1,-1
277,47888,309,401,178,120,1,-1,-1,-1
278,47924,796,340,264,95,1,-1,-1,-1
278,47922,36,334,399,145,1,-1,-1,-1
278,47888,317,401,181,123,1,-1,-1,-1
279,47924,788,340,265,96,1,-1,-1,-1
279,47922,57,333,399,146,1,-1,-1,-1
279,47888,319,401,184,125,1,-1,-1,-1
280,47924,779,340,266,97,1,-1,-1,-1
280,47922,77,333,402,147,1,-1,-1,-1
280,47888,321,402,187,127,1,-1,-1,-1
281,47924,769,341,267,97,1,-1,-1,-1
281,47922,97,333,405,149,1,-1,-1,-1
281,47888,325,403,190,130,1,-1,-1,-1
282,47924,759,341,269,99,1,-1,-1,-1
282,47922,117,333,409,152,1,-1,-1,-1
282,47888,330,405,194,133,1,-1,-1,-1
283,47924,749,342,270,99,1,-1,-1,-1
283,47922,137,333,413,155,1,-1,-1,-1
283,47888,336,406,198,137,1,-1,-1,-1
284,47924,739,342,271,101,1,-1,-1,-1
284,47922,156,332,418,159,1,-1,-1,-1
284,47888,340,408,203,140,1,-1,-1,-1
285,47924,728,342,273,101,1,-1,-1,-1
285,47922,176,332,424,163,1,-1,-1,-1
285,47888,346,409,208,144,1,-1,-1,-1
286,47924,716,342,274,102,1,-1,-1,-1
286,47922,196,330,430,170,1,-1,-1,-1
286,47888,353,410,213,148,1,-1,-1,-1
287,47924,704,341,274,103,1,-1,-1,-1
287,47922,216,329,436,173,1,-1,-1,-1
287,47888,355,411,219,152,1,-1,-1,-1
288,47924,691,340,275,104,1,-1,-1,-1
288,47922,237,328,443,177,1,-1,-1,-1
288,47888,353,411,224,156,1,-1,-1,-1
289,47924,679,340,274,105,1,-1,-1,-1
289,47922,259,327,450,181,1,-1,-1,-1
289,47888,351,412,229,160,1,-1,-1,-1
290,47924,668,339,273,105,1,-1,-1,-1
290,47922,283,325,459,186,1,-1,-1,-1
290,47888,354,413,235,164,1,-1,-1,-1
291,47924,691,338,239,106,1,-1,-1,-1
291,47922,310,324,467,189,1,-1,-1,-1
291,47888,362,413,240,168,1,-1,-1,-1
292,47924,701,337,217,107,1,-1,-1,-1
292,47922,337,322,478,194,1,-1,-1,-1
292,47888,372,414,244,172,1,-1,-1,-1
293,47924,709,335,195,93,1,-1,-1,-1
293,47922,366,320,487,197,1,-1,-1,-1
293,47888,381,412,248,175,1,-1,-1,-1
294,47924,718,332,168,92,1,-1,-1,-1
294,47922,394,316,493,199,1,-1,-1,-1
294,47888,393,409,250,176,1,-1,-1,-1
295,47924,746,331,109,67,1,-1,-1,-1
295,47922,422,315,499,201,1,-1,-1,-1
295,47888,406,409,251,176,1,-1,-1,-1
296,47924,780,332,56,31,1,-1,-1,-1
296,47922,451,315,505,203,1,-1,-1,-1
296,47888,415,409,251,177,1,-1,-1,-1
297,47922,499,316,492,204,1,-1,-1,-1
297,47888,417,410,252,177,1,-1,-1,-1
298,47922,529,317,499,206,1,-1,-1,-1
298,47888,421,411,252,177,1,-1,-1,-1
299,47924,532,381,27,46,1,-1,-1,-1
299,47922,559,318,506,207,1,-1,-1,-1
299,47888,428,413,252,177,1,-1,-1,-1
300,47924,516,356,74,80,1,-1,-1,-1
300,47922,590,318,513,209,1,-1,-1,-1
300,47888,438,414,254,177,1,-1,-1,-1
301,47924,501,338,120,99,1,-1,-1,-1
301,47922,619,319,522,211,1,-1,-1,-1
301,47888,449,415,255,178,1,-1,-1,-1
302,47924,485,339,168,99,1,-1,-1,-1
302,47922,632,319,549,213,1,-1,-1,-1
302,47888,460,416,255,179,1,-1,-1,-1
303,47924,470,339,215,103,1,-1,-1,-1
303,47922,676,320,544,214,1,-1,-1,-1
303,47888,471,416,256,180,1,-1,-1,-1
304,47924,455,339,255,103,1,-1,-1,-1
304,47922,701,320,560,216,1,-1,-1,-1
304,47888,481,417,258,180,1,-1,-1,-1
305,47924,440,340,255,98,1,-1,-1,-1
305,47922,728,320,551,218,1,-1,-1,-1
305,47888,492,417,259,181,1,-1,-1,-1
306,47924,425,340,255,102,1,-1,-1,-1
306,47922,756,320,523,219,1,-1,-1,-1
306,47888,501,418,260,181,1,-1,-1,-1
307,47924,410,341,255,101,1,-1,-1,-1
307,47922,783,320,496,211,1,-1,-1,-1
307,47888,513,418,260,182,1,-1,-1,-1
308,47924,396,341,254,101,1,-1,-1,-1
308,47922,810,319,469,213,1,-1,-1,-1
308,47888,527,418,262,183,1,-1,-1,-1
309,47924,381,341,254,101,1,-1,-1,-1
309,47922,837,319,442,215,1,-1,-1,-1
309,47888,542,419,264,183,1,-1,-1,-1
310,47924,366,341,254,100,1,-1,-1,-1
310,47922,865,319,414,216,1,-1,-1,-1
310,47888,560,419,266,184,1,-1,-1,-1
311,47924,352,341,254,100,1,-1,-1,-1
311,47922,893,319,386,218,1,-1,-1,-1
311,47888,581,420,268,185,1,-1,-1,-1
312,47924,338,342,254,99,1,-1,-1,-1
312,47922,921,319,358,220,1,-1,-1,-1
312,47888,603,420,271,186,1,-1,-1,-1
313,47924,324,342,253,99,1,-1,-1,-1
313,47922,950,319,329,221,1,-1,-1,-1
313,47888,628,421,274,187,1,-1,-1,-1
314,47924,310,342,253,98,1,-1,-1,-1
314,47922,979,319,300,223,1,-1,-1,-1
314,47888,656,421,276,188,1,-1,-1,-1
315,47924,296,342,253,98,1,-1,-1,-1
315,47922,1009,319,270,225,1,-1,-1,-1
315,47888,685,422,281,189,1,-1,-1,-1
316,47924,282,342,253,98,1,-1,-1,-1
316,47922,1038,320,241,217,1,-1,-1,-1
316,47888,717,422,285,191,1,-1,-1,-1
317,47924,268,342,253,98,1,-1,-1,-1
317,47922,1069,320,210,196,1,-1,-1,-1
317,47888,751,423,289,193,1,-1,-1,-1
318,47924,254,342,253,97,1,-1,-1,-1
318,47922,1099,320,180,192,1,-1,-1,-1
318,47888,788,423,295,195,1,-1,-1,-1
319,47924,241,342,252,97,1,-1,-1,-1
319,47922,1130,320,149,192,1,-1,-1,-1
319,47888,826,424,303,197,1,-1,-1,-1
320,47924,227,343,253,96,1,-1,-1,-1
320,47922,1162,322,117,186,1,-1,-1,-1
320,47888,868,425,310,199,1,-1,-1,-1
321,47924,214,343,252,96,1,-1,-1,-1
321,47922,1194,325,85,173,1,-1,-1,-1
321,47888,912,425,319,202,1,-1,-1,-1
322,47924,200,343,253,95,1,-1,-1,-1
322,47922,1226,327,53,162,1,-1,-1,-1
322,47888,957,426,322,204,1,-1,-1,-1
323,47924,187,343,253,96,1,-1,-1,-1
323,47922,1262,330,17,153,1,-1,-1,-1
323,47888,1004,428,275,204,1,-1,-1,-1
324,47924,174,344,253,95,1,-1,-1,-1
324,47888,1053,429,226,196,1,-1,-1,-1
325,47924,161,345,253,94,1,-1,-1,-1
325,47888,1105,437,174,194,1,-1,-1,-1
326,47924,149,345,252,95,1,-1,-1,-1
326,47888,1160,470,119,167,1,-1,-1,-1
327,47924,137,346,252,94,1,-1,-1,-1
327,47888,1217,478,62,163,1,-1,-1,-1
328,47924,125,346,252,94,1,-1,-1,-1
329,47924,113,346,252,94,1,-1,-1,-1
330,47924,101,347,252,94,1,-1,-1,-1
331,47924,89,347,253,94,1,-1,-1,-1
332,47924,77,347,253,94,1,-1,-1,-1
333,47924,66,347,252,94,1,-1,-1,-1
334,47924,54,347,253,94,1,-1,-1,-1
335,47924,43,347,252,94,1,-1,-1,-1
336,47924,34,348,251,94,1,-1,-1,-1
337,47924,27,349,250,94,1,-1,-1,-1
338,47924,20,350,249,93,1,-1,-1,-1
339,47924,14,350,248,93,1,-1,-1,-1
340,47924,7,350,247,94,1,-1,-1,-1
341,47924,1,351,244,93,1,-1,-1,-1
342,47924,0,351,237,93,1,-1,-1,-1
343,47924,0,351,228,94,1,-1,-1,-1
344,47924,0,352,222,94,1,-1,-1,-1
345,47924,0,353,219,93,1,-1,-1,-1
346,47924,0,353,216,93,1,-1,-1,-1
347,47924,0,353,212,93,1,-1,-1,-1
348,47924,0,352,206,92,1,-1,-1,-1
349,47924,0,350,201,93,1,-1,-1,-1
350,47924,0,351,196,92,1,-1,-1,-1
351,47924,0,352,195,92,1,-1,-1,-1
352,47924,0,353,195,91,1,-1,-1,-1
353,47924,0,354,193,91,1,-1,-1,-1
354,47924,0,355,191,90,1,-1,-1,-1
355,47924,0,356,191,90,1,-1,-1,-1
356,47924,0,357,195,90,1,-1,-1,-1
357,47924,9,358,189,89,1,-1,-1,-1
358,47924,20,358,184,89,1,-1,-1,-1
359,47924,36,360,178,87,1,-1,-1,-1
360,47924,49,361,172,86,1,-1,-1,-1
361,47924,60,360,168,86,1,-1,-1,-1
362,47924,72,360,163,85,1,-1,-1,-1
363,47924,88,359,157,85,1,-1,-1,-1
364,47924,100,358,153,84,1,-1,-1,-1
365,47924,116,357,147,83,1,-1,-1,-1
366,47924,131,357,142,82,1,-1,-1,-1
367,47924,145,355,138,82,1,-1,-1,-1
368,47924,159,355,133,80,1,-1,-1,-1
369,47924,174,355,129,79,1,-1,-1,-1
370,47924,186,354,125,79,1,-1,-1,-1
371,47924,196,354,122,78,1,-1,-1,-1
372,47924,207,354,119,78,1,-1,-1,-1
373,47924,220,355,115,76,1,-1,-1,-1
373,47895,0,383,18,30,1,-1,-1,-1
373,47886,0,386,17,43,1,-1,-1,-1
374,47924,231,355,112,76,1,-1,-1,-1
374,47895,25,383,13,29,1,-1,-1,-1
374,47886,14,386,19,43,1,-1,-1,-1
375,47924,241,354,109,76,1,-1,-1,-1
375,47895,40,381,16,30,1,-1,-1,-1
375,47886,28,385,19,44,1,-1,-1,-1
376,47924,248,354,107,75,1,-1,-1,-1
376,47895,53,380,17,29,1,-1,-1,-1
376,47886,38,384,19,44,1,-1,-1,-1
377,47924,254,353,104,74,1,-1,-1,-1
377,47895,64,379,18,29,1,-1,-1,-1
377,47886,45,382,20,45,1,-1,-1,-1
378,47924,257,352,103,74,1,-1,-1,-1
378,47895,72,378,18,29,1,-1,-1,-1
378,47892,0,383,5,18,1,-1,-1,-1
378,47886,49,381,20,46,1,-1,-1,-1
379,47924,263,352,101,74,1,-1,-1,-1
379,47895,84,377,17,30,1,-1,-1,-1
379,47892,4,378,18,22,1,-1,-1,-1
379,47886,56,381,20,47,1,-1,-1,-1
380,47924,271,352,99,73,1,-1,-1,-1
380,47895,97,377,17,30,1,-1,-1,-1
380,47892,24,378,17,22,1,-1,-1,-1
380,47886,65,382,20,46,1,-1,-1,-1
381,47924,280,352,96,73,1,-1,-1,-1
381,47895,111,377,17,29,1,-1,-1,-1
381,47892,44,377,17,22,1,-1,-1,-1
381,47886,74,381,21,48,1,-1,-1,-1
382,47924,291,352,93,72,1,-1,-1,-1
382,47895,126,377,17,30,1,-1,-1,-1
382,47892,65,377,16,23,1,-1,-1,-1
382,47886,86,382,20,48,1,-1,-1,-1
383,47924,303,352,92,72,1,-1,-1,-1
383,47895,144,377,17,30,1,-1,-1,-1
383,47892,89,377,15,22,1,-1,-1,-1
383,47886,100,382,20,49,1,-1,-1,-1
384,47924,314,352,89,71,1,-1,-1,-1
384,47895,160,377,16,30,1,-1,-1,-1
384,47892,109,377,15,20,1,-1,-1,-1
384,47886,111,382,20,49,1,-1,-1,-1
385,47924,325,352,87,71,1,-1,-1,-1
385,47895,174,376,16,30,1,-1,-1,-1
385,47892,129,376,14,18,1,-1,-1,-1
385,47886,121,382,20,50,1,-1,-1,-1
386,47924,333,352,85,70,1,-1,-1,-1
386,47895,184,376,16,30,1,-1,-1,-1
386,47892,144,375,14,23,1,-1,-1,-1
386,47886,127,381,20,51,1,-1,-1,-1
387,47924,343,352,83,70,1,-1,-1,-1
387,47895,197,376,16,31,1,-1,-1,-1
387,47892,160,376,14,22,1,-1,-1,-1
387,47886,135,382,20,52,1,-1,-1,-1
388,47924,353,352,82,69,1,-1,-1,-1
388,47918,0,368,27,30,1,-1,-1,-1
388,47895,210,377,16,30,1,-1,-1,-1
388,47892,177,376,14,22,1,-1,-1,-1
388,47886,143,382,21,53,1,-1,-1,-1
389,47924,364,352,80,69,1,-1,-1,-1
389,47918,0,367,50,32,1,-1,-1,-1
389,47895,223,376,15,31,1,-1,-1,-1
389,47892,194,375,14,23,1,-1,-1,-1
389,47886,151,382,22,54,1,-1,-1,-1
390,47924,372,351,79,69,1,-1,-1,-1
390,47918,0,366,68,32,1,-1,-1,-1
390,47895,232,376,16,31,1,-1,-1,-1
390,47892,208,374,14,23,1,-1,-1,-1
390,47886,156,382,22,55,1,-1,-1,-1
391,47924,383,351,77,69,1,-1,-1,-1
391,47918,0,366,90,32,1,-1,-1,-1
391,47895,244,376,16,31,1,-1,-1,-1
391,47892,223,374,14,23,1,-1,-1,-1
391,47886,162,382,24,56,1,-1,-1,-1
392,47924,394,351,75,68,1,-1,-1,-1
392,47918,22,366,89,31,1,-1,-1,-1
392,47895,256,375,16,32,1,-1,-1,-1
392,47892,239,374,13,22,1,-1,-1,-1
392,47886,169,382,24,58,1,-1,-1,-1
393,47924,405,351,74,67,1,-1,-1,-1
393,47918,45,365,86,31,1,-1,-1,-1
393,47895,267,375,17,32,1,-1,-1,-1
393,47892,253,373,13,23,1,-1,-1,-1
393,47886,175,382,25,59,1,-1,-1,-1
394,47924,414,350,72,68,1,-1,-1,-1
394,47918,64,364,83,31,1,-1,-1,-1
394,47895,276,375,16,32,1,-1,-1,-1
394,47892,265,373,13,22,1,-1,-1,-1
394,47886,179,382,25,60,1,-1,-1,-1
395,47924,424,350,72,67,1,-1,-1,-1
395,47918,85,364,81,31,1,-1,-1,-1
395,47895,287,375,16,33,1,-1,-1,-1
395,47892,278,373,14,22,1,-1,-1,-1
395,47886,183,382,27,62,1,-1,-1,-1
396,47924,435,350,71,67,1,-1,-1,-1
396,47918,106,364,78,31,1,-1,-1,-1
396,47895,297,375,17,33,1,-1,-1,-1
396,47892,292,373,12,22,1,-1,-1,-1
396,47886,188,383,28,63,1,-1,-1,-1
397,47924,446,350,70,66,1,-1,-1,-1
397,47918,126,363,76,30,1,-1,-1,-1
397,47895,308,374,17,34,1,-1,-1,-1
397,47892,306,372,13,22,1,-1,-1,-1
397,47886,193,382,28,65,1,-1,-1,-1
398,47924,456,350,68,66,1,-1,-1,-1
398,47918,142,362,75,31,1,-1,-1,-1
398,47895,315,374,18,35,1,-1,-1,-1
398,47892,317,372,13,21,1,-1,-1,-1
398,47886,193,383,30,66,1,-1,-1,-1
399,47924,464,350,67,65,1,-1,-1,-1
399,47918,157,362,74,30,1,-1,-1,-1
399,47895,322,374,18,35,1,-1,-1,-1
399,47892,327,371,13,18,1,-1,-1,-1
399,47886,192,383,32,68,1,-1,-1,-1
400,47924,473,350,66,65,1,-1,-1,-1
400,47918,173,362,72,30,1,-1,-1,-1
400,47895,329,374,18,36,1,-1,-1,-1
400,47892,338,371,13,22,1,-1,-1,-1
400,47886,191,384,34,71,1,-1,-1,-1
401,47924,486,350,66,65,1,-1,-1,-1
401,47918,194,362,70,31,1,-1,-1,-1
401,47895,342,375,18,36,1,-1,-1,-1
401,47892,354,372,13,24,1,-1,-1,-1
401,47886,196,385,35,73,1,-1,-1,-1
402,47924,501,350,64,65,1,-1,-1,-1
402,47918,216,362,67,31,1,-1,-1,-1
402,47895,354,375,18,37,1,-1,-1,-1
402,47892,369,372,13,24,1,-1,-1,-1
402,47886,201,386,36,75,1,-1,-1,-1
403,47924,515,349,64,65,1,-1,-1,-1
403,47918,236,362,66,31,1,-1,-1,-1
403,47895,366,375,19,38,1,-1,-1,-1
403,47892,384,372,13,24,1,-1,-1,-1
403,47886,205,386,38,78,1,-1,-1,-1
404,47924,526,349,64,64,1,-1,-1,-1
404,47918,256,361,62,31,1,-1,-1,-1
404,47895,375,374,19,39,1,-1,-1,-1
404,47892,397,371,13,24,1,-1,-1,-1
404,47886,205,387,41,80,1,-1,-1,-1
405,47924,537,349,63,64,1,-1,-1,-1
405,47918,269,361,63,31,1,-1,-1,-1
405,47895,382,374,21,40,1,-1,-1,-1
405,47892,408,371,13,24,1,-1,-1,-1
405,47886,202,387,44,83,1,-1,-1,-1
406,47924,545,349,64,64,1,-1,-1,-1
406,47918,280,360,63,31,1,-1,-1,-1
406,47895,387,374,21,41,1,-1,-1,-1
406,47892,417,370,13,25,1,-1,-1,-1
406,47886,195,387,47,87,1,-1,-1,-1
407,47924,553,348,63,64,1,-1,-1,-1
407,47918,291,359,62,32,1,-1,-1,-1
407,47895,391,374,22,42,1,-1,-1,-1
407,47892,425,370,13,25,1,-1,-1,-1
407,47886,184,388,51,91,1,-1,-1,-1
408,47924,558,348,64,64,1,-1,-1,-1
408,47918,299,359,61,31,1,-1,-1,-1
408,47895,392,374,23,43,1,-1,-1,-1
408,47892,430,370,14,25,1,-1,-1,-1
408,47886,169,388,56,96,1,-1,-1,-1
409,47924,564,348,64,64,1,-1,-1,-1
409,47918,307,358,61,32,1,-1,-1,-1
409,47895,394,374,23,44,1,-1,-1,-1
409,47892,436,370,14,26,1,-1,-1,-1
409,47886,153,389,61,101,1,-1,-1,-1
410,47924,570,348,64,64,1,-1,-1,-1
410,47918,315,358,60,32,1,-1,-1,-1
410,47907,334,379,41,7,1,-1,-1,-1
410,47895,394,374,24,45,1,-1,-1,-1
410,47892,441,369,15,27,1,-1,-1,-1
410,47886,132,390,69,107,1,-1,-1,-1
411,47924,575,348,64,64,1,-1,-1,-1
411,47918,323,358,59,32,1,-1,-1,-1
411,47907,341,376,42,10,1,-1,-1,-1
411,47895,394,374,26,47,1,-1,-1,-1
411,47892,446,369,14,27,1,-1,-1,-1
411,47886,109,391,77,114,1,-1,-1,-1
412,47924,579,348,64,63,1,-1,-1,-1
412,47918,328,357,59,33,1,-1,-1,-1
412,47907,346,375,43,11,1,-1,-1,-1
412,47895,392,374,27,49,1,-1,-1,-1
412,47892,449,369,15,28,1,-1,-1,-1
412,47886,81,393,86,120,1,-1,-1,-1
413,47924,583,348,64,63,1,-1,-1,-1
413,47918,333,357,59,33,1,-1,-1,-1
413,47907,351,374,44,11,1,-1,-1,-1
413,47895,389,374,29,50,1,-1,-1,-1
413,47892,452,369,15,28,1,-1,-1,-1
413,47886,47,394,98,129,1,-1,-1,-1
414,47924,585,348,65,63,1,-1,-1,-1
414,47918,336,356,59,34,1,-1,-1,-1
414,47907,354,373,45,12,1,-1,-1,-1
414,47895,384,375,31,51,1,-1,-1,-1
414,47892,453,369,16,29,1,-1,-1,-1
414,47886,5,396,113,139,1,-1,-1,-1
415,47924,587,348,66,63,1,-1,-1,-1
415,47918,340,356,57,34,1,-1,-1,-1
415,47907,358,370,45,15,1,-1,-1,-1
415,47895,379,374,32,54,1,-1,-1,-1
415,47892,455,369,15,29,1,-1,-1,-1
415,47886,0,398,86,143,1,-1,-1,-1
416,47924,588,348,66,63,1,-1,-1,-1
416,47918,341,356,58,35,1,-1,-1,-1
416,47907,361,368,45,17,1,-1,-1,-1
416,47895,371,375,35,56,1,-1,-1,-1
416,47892,455,369,16,30,1,-1,-1,-1
416,47886,0,419,48,119,1,-1,-1,-1
417,47924,589,348,66,63,1,-1,-1,-1
417,47918,343,355,58,35,1,-1,-1,-1
417,47907,364,368,45,17,1,-1,-1,-1
417,47895,363,375,37,58,1,-1,-1,-1
417,47892,454,369,17,31,1,-1,-1,-1
418,47924,589,348,67,63,1,-1,-1,-1
418,47918,344,355,57,36,1,-1,-1,-1
418,47907,395,366,16,19,1,-1,-1,-1
418,47895,353,376,40,60,1,-1,-1,-1
418,47892,453,369,16,32,1,-1,-1,-1
419,47924,589,348,68,63,1,-1,-1,-1
419,47918,345,355,58,36,1,-1,-1,-1
419,47907,396,366,17,19,1,-1,-1,-1
419,47895,343,376,43,63,1,-1,-1,-1
419,47892,451,369,17,33,1,-1,-1,-1
420,47924,588,348,69,63,1,-1,-1,-1
420,47918,345,354,57,38,1,-1,-1,-1
420,47907,396,366,18,20,1,-1,-1,-1
420,47895,331,376,46,66,1,-1,-1,-1
420,47892,449,369,17,34,1,-1,-1,-1
421,47924,588,348,69,63,1,-1,-1,-1
421,47918,345,354,58,38,1,-1,-1,-1
421,47907,397,366,19,20,1,-1,-1,-1
421,47895,319,377,50,68,1,-1,-1,-1
421,47892,446,369,19,35,1,-1,-1,-1
422,47924,587,348,70,63,1,-1,-1,-1
422,47918,345,354,58,39,1,-1,-1,-1
422,47907,397,365,20,21,1,-1,-1,-1
422,47895,305,378,54,72,1,-1,-1,-1
422,47892,444,370,19,35,1,-1,-1,-1
423,47924,588,348,70,63,1,-1,-1,-1
423,47918,345,354,59,39,1,-1,-1,-1
423,47907,397,365,22,22,1,-1,-1,-1
423,47895,291,379,58,75,1,-1,-1,-1
423,47892,442,370,19,36,1,-1,-1,-1
424,47924,587,348,71,63,1,-1,-1,-1
424,47918,345,354,58,40,1,-1,-1,-1
424,47907,397,365,24,22,1,-1,-1,-1
424,47895,274,379,63,79,1,-1,-1,-1
424,47892,438,370,20,37,1,-1,-1,-1
425,47924,587,348,71,63,1,-1,-1,-1
425,47918,345,353,59,41,1,-1,-1,-1
425,47907,398,365,25,22,1,-1,-1,-1
425,47895,257,379,68,85,1,-1,-1,-1
425,47892,436,370,19,38,1,-1,-1,-1
426,47924,586,348,72,63,1,-1,-1,-1
426,47918,345,353,58,42,1,-1,-1,-1
426,47907,397,365,27,23,1,-1,-1,-1
426,47895,236,380,75,90,1,-1,-1,-1
426,47892,431,371,21,39,1,-1,-1,-1
427,47924,585,348,73,63,1,-1,-1,-1
427,47918,344,353,59,43,1,-1,-1,-1
427,47907,397,365,28,23,1,-1,-1,-1
427,47895,212,382,83,94,1,-1,-1,-1
427,47892,428,371,21,40,1,-1,-1,-1
428,47924,584,348,73,63,1,-1,-1,-1
428,47918,343,353,58,43,1,-1,-1,-1
428,47907,395,365,30,23,1,-1,-1,-1
428,47895,184,383,93,101,1,-1,-1,-1
428,47892,423,371,22,42,1,-1,-1,-1
429,47924,583,348,74,63,1,-1,-1,-1
429,47918,342,352,58,45,1,-1,-1,-1
429,47907,395,365,31,24,1,-1,-1,-1
429,47895,153,384,104,108,1,-1,-1,-1
429,47892,417,371,23,44,1,-1,-1,-1
430,47924,581,348,75,63,1,-1,-1,-1
430,47918,340,352,59,46,1,-1,-1,-1
430,47907,393,365,29,25,1,-1,-1,-1
430,47895,115,386,118,116,1,-1,-1,-1
430,47892,411,372,24,45,1,-1,-1,-1
431,47924,580,348,75,63,1,-1,-1,-1
431,47918,339,352,58,47,1,-1,-1,-1
431,47907,392,365,35,26,1,-1,-1,-1
431,47895,72,387,136,127,1,-1,-1,-1
431,47892,405,372,24,47,1,-1,-1,-1
432,47924,578,348,75,63,1,-1,-1,-1
432,47918,336,352,59,48,1,-1,-1,-1
432,47907,389,365,38,26,1,-1,-1,-1
432,47895,20,389,158,139,1,-1,-1,-1
432,47892,397,373,25,48,1,-1,-1,-1
433,47924,576,348,76,63,1,-1,-1,-1
433,47918,335,352,58,49,1,-1,-1,-1
433,47907,387,365,41,27,1,-1,-1,-1
433,47895,0,392,146,149,1,-1,-1,-1
433,47892,390,373,26,50,1,-1,-1,-1
434,47924,574,348,77,63,1,-1,-1,-1
434,47918,332,351,58,51,1,-1,-1,-1
434,47907,385,365,43,26,1,-1,-1,-1
434,47895,0,394,107,129,1,-1,-1,-1
434,47892,382,373,27,52,1,-1,-1,-1
435,47924,573,348,77,63,1,-1,-1,-1
435,47918,329,351,59,52,1,-1,-1,-1
435,47907,383,365,46,27,1,-1,-1,-1
435,47895,0,423,64,112,1,-1,-1,-1
435,47892,374,374,29,54,1,-1,-1,-1
436,47924,571,348,78,64,1,-1,-1,-1
436,47918,324,351,62,53,1,-1,-1,-1
436,47907,382,366,47,28,1,-1,-1,-1
436,47895,0,473,11,56,1,-1,-1,-1
436,47892,364,374,31,57,1,-1,-1,-1
437,47924,570,348,78,64,1,-1,-1,-1
437,47918,320,351,63,54,1,-1,-1,-1
437,47907,378,366,51,28,1,-1,-1,-1
437,47892,354,375,33,59,1,-1,-1,-1
438,47924,567,348,80,64,1,-1,-1,-1
438,47918,314,350,65,57,1,-1,-1,-1
438,47907,375,366,54,29,1,-1,-1,-1
438,47892,343,376,35,61,1,-1,-1,-1
439,47924,566,348,79,64,1,-1,-1,-1
439,47918,309,350,67,58,1,-1,-1,-1
439,47907,375,366,54,30,1,-1,-1,-1
439,47892,331,376,37,65,1,-1,-1,-1
440,47924,563,348,80,64,1,-1,-1,-1
440,47918,302,350,69,59,1,-1,-1,-1
440,47907,374,366,55,30,1,-1,-1,-1
440,47892,317,377,40,68,1,-1,-1,-1
441,47924,561,348,81,64,1,-1,-1,-1
441,47918,296,349,71,62,1,-1,-1,-1
441,47907,374,366,54,31,1,-1,-1,-1
441,47892,303,378,42,71,1,-1,-1,-1
442,47924,558,348,82,64,1,-1,-1,-1
442,47918,288,349,74,62,1,-1,-1,-1
442,47907,372,366,55,32,1,-1,-1,-1
442,47892,286,379,46,75,1,-1,-1,-1
443,47924,556,348,82,64,1,-1,-1,-1
443,47918,280,349,77,64,1,-1,-1,-1
443,47907,371,366,56,33,1,-1,-1,-1
443,47892,268,380,50,79,1,-1,-1,-1
444,47924,553,348,83,64,1,-1,-1,-1
444,47918,270,348,83,67,1,-1,-1,-1
444,47907,369,366,57,34,1,-1,-1,-1
444,47892,246,381,55,85,1,-1,-1,-1
445,47924,550,348,84,64,1,-1,-1,-1
445,47918,261,348,88,70,1,-1,-1,-1
445,47907,368,366,57,35,1,-1,-1,-1
445,47892,223,382,60,90,1,-1,-1,-1
446,47924,547,348,84,64,1,-1,-1,-1
446,47918,250,348,94,73,1,-1,-1,-1
446,47907,366,367,57,35,1,-1,-1,-1
446,47892,195,384,67,96,1,-1,-1,-1
447,47924,545,348,84,64,1,-1,-1,-1
447,47918,239,347,101,76,1,-1,-1,-1
447,47907,365,367,58,36,1,-1,-1,-1
447,47892,164,385,76,104,1,-1,-1,-1
448,47924,542,348,85,64,1,-1,-1,-1
448,47918,226,347,109,78,1,-1,-1,-1
448,47907,363,367,58,37,1,-1,-1,-1
448,47892,126,387,88,112,1,-1,-1,-1
449,47924,539,348,86,64,1,-1,-1,-1
449,47918,213,346,117,82,1,-1,-1,-1
449,47907,361,367,59,38,1,-1,-1,-1
449,47892,84,389,102,122,1,-1,-1,-1
450,47924,536,348,86,64,1,-1,-1,-1
450,47918,198,346,126,85,1,-1,-1,-1
450,47907,358,367,60,40,1,-1,-1,-1
450,47892,32,391,120,134,1,-1,-1,-1
451,47924,533,348,87,64,1,-1,-1,-1
451,47918,181,345,136,90,1,-1,-1,-1
451,47907,356,367,60,41,1,-1,-1,-1
451,47892,0,394,113,144,1,-1,-1,-1
452,47924,529,348,87,64,1,-1,-1,-1
452,47918,160,344,150,94,1,-1,-1,-1
452,47907,353,368,60,41,1,-1,-1,-1
452,47892,0,400,67,127,1,-1,-1,-1
453,47924,526,348,88,64,1,-1,-1,-1
453,47918,138,343,164,99,1,-1,-1,-1
453,47907,350,368,61,43,1,-1,-1,-1
453,47892,0,484,12,46,1,-1,-1,-1
454,47924,522,348,88,64,1,-1,-1,-1
454,47918,112,343,181,104,1,-1,-1,-1
454,47907,346,368,62,44,1,-1,-1,-1
455,47924,519,348,88,65,1,-1,-1,-1
455,47918,84,342,199,109,1,-1,-1,-1
455,47907,341,368,64,46,1,-1,-1,-1
456,47924,514,348,90,65,1,-1,-1,-1
456,47918,51,341,221,116,1,-1,-1,-1
456,47907,335,369,66,47,1,-1,-1,-1
457,47924,511,348,90,65,1,-1,-1,-1
457,47918,15,340,245,123,1,-1,-1,-1
457,47907,329,369,69,49,1,-1,-1,-1
458,47924,506,348,91,65,1,-1,-1,-1
458,47918,0,339,246,131,1,-1,-1,-1
458,47907,321,369,72,51,1,-1,-1,-1
459,47924,502,348,91,65,1,-1,-1,-1
459,47918,0,337,232,137,1,-1,-1,-1
459,47907,313,369,75,53,1,-1,-1,-1
460,47924,497,348,92,65,1,-1,-1,-1
460,47918,0,336,215,147,1,-1,-1,-1
460,47907,303,370,80,55,1,-1,-1,-1
461,47924,493,347,92,66,1,-1,-1,-1
461,47918,0,334,197,154,1,-1,-1,-1
461,47907,294,370,83,58,1,-1,-1,-1
462,47924,488,347,92,66,1,-1,-1,-1
462,47918,0,333,176,132,1,-1,-1,-1
462,47907,282,370,90,61,1,-1,-1,-1
463,47924,483,347,93,66,1,-1,-1,-1
463,47918,0,332,153,136,1,-1,-1,-1
463,47907,269,371,97,63,1,-1,-1,-1
464,47924,478,347,93,66,1,-1,-1,-1
464,47918,0,332,127,144,1,-1,-1,-1
464,47907,255,371,105,67,1,-1,-1,-1
465,47924,473,347,94,66,1,-1,-1,-1
465,47918,0,332,98,153,1,-1,-1,-1
465,47907,240,372,114,69,1,-1,-1,-1
466,47924,467,347,95,67,1,-1,-1,-1
466,47918,0,332,65,131,1,-1,-1,-1
466,47907,222,372,124,74,1,-1,-1,-1
467,47924,462,347,96,67,1,-1,-1,-1
467,47918,0,332,27,131,1,-1,-1,-1
467,47907,204,373,134,78,1,-1,-1,-1
468,47924,457,347,96,67,1,-1,-1,-1
468,47907,182,373,147,83,1,-1,-1,-1
469,47924,452,347,96,67,1,-1,-1,-1
469,47907,156,374,163,88,1,-1,-1,-1
470,47924,446,347,97,67,1,-1,-1,-1
470,47907,127,375,181,94,1,-1,-1,-1
471,47924,443,348,97,66,1,-1,-1,-1
471,47907,98,376,200,102,1,-1,-1,-1
472,47924,440,348,98,67,1,-1,-1,-1
472,47907,65,378,223,109,1,-1,-1,-1
473,47924,439,348,98,67,1,-1,-1,-1
473,47907,28,379,250,119,1,-1,-1,-1
474,47924,437,348,98,67,1,-1,-1,-1
474,47907,0,380,264,130,1,-1,-1,-1
475,47924,434,348,99,67,1,-1,-1,-1
475,47907,0,382,248,137,1,-1,-1,-1
476,47924,431,348,99,67,1,-1,-1,-1
476,47907,0,383,228,150,1,-1,-1,-1
477,47924,428,348,99,67,1,-1,-1,-1
477,47907,0,385,204,167,1,-1,-1,-1
478,47924,423,348,100,67,1,-1,-1,-1
478,47907,0,387,176,171,1,-1,-1,-1
479,47924,421,348,100,68,1,-1,-1,-1
479,47907,0,391,145,149,1,-1,-1,-1
480,47924,419,348,101,68,1,-1,-1,-1
480,47907,0,395,110,145,1,-1,-1,-1
481,47924,419,348,100,68,1,-1,-1,-1
481,47907,0,402,68,155,1,-1,-1,-1
482,47924,417,348,100,68,1,-1,-1,-1
482,47907,0,450,14,93,1,-1,-1,-1
483,47924,415,348,101,68,1,-1,-1,-1
484,47924,412,348,101,68,1,-1,-1,-1
485,47924,409,348,101,68,1,-1,-1,-1
486,47924,407,348,101,68,1,-1,-1,-1
487,47924,407,348,102,69,1,-1,-1,-1
488,47924,407,348,102,69,1,-1,-1,-1
489,47924,407,348,101,69,1,-1,-1,-1
489,47913,0,380,10,17,1,-1,-1,-1
490,47924,405,348,102,69,1,-1,-1,-1
490,47913,0,377,17,20,1,-1,-1,-1
491,47924,403,348,102,69,1,-1,-1,-1
491,47913,0,374,24,23,1,-1,-1,-1
492,47924,400,348,102,69,1,-1,-1,-1
492,47913,0,373,28,24,1,-1,-1,-1
493,47924,399,348,103,69,1,-1,-1,-1
493,47913,0,373,36,26,1,-1,-1,-1
494,47924,399,349,103,68,1,-1,-1,-1
494,47913,0,374,46,26,1,-1,-1,-1
495,47924,400,349,103,68,1,-1,-1,-1
495,47913,0,374,56,26,1,-1,-1,-1
496,47924,400,349,103,68,1,-1,-1,-1
496,47913,0,374,65,26,1,-1,-1,-1
497,47924,400,349,102,68,1,-1,-1,-1
497,47913,0,373,73,27,1,-1,-1,-1
498,47924,398,348,102,69,1,-1,-1,-1
498,47913,5,373,73,27,1,-1,-1,-1
499,47924,395,348,103,69,1,-1,-1,-1
499,47913,11,373,72,27,1,-1,-1,-1
500,47924,394,349,103,68,1,-1,-1,-1
500,47913,18,374,72,27,1,-1,-1,-1
501,47924,395,349,104,69,1,-1,-1,-1
501,47913,29,374,71,28,1,-1,-1,-1
502,47924,396,349,103,69,1,-1,-1,-1
502,47913,38,374,71,28,1,-1,-1,-1
503,47924,397,349,103,69,1,-1,-1,-1
503,47913,48,374,70,28,1,-1,-1,-1
504,47924,396,349,103,69,1,-1,-1,-1
504,47913,54,374,70,29,1,-1,-1,-1
505,47924,395,349,103,68,1,-1,-1,-1
505,47913,61,374,69,29,1,-1,-1,-1
506,47924,392,348,104,69,1,-1,-1,-1
506,47913,64,373,69,30,1,-1,-1,-1
507,47924,392,349,103,69,1,-1,-1,-1
507,47913,71,374,69,30,1,-1,-1,-1
508,47924,392,349,104,69,1,-1,-1,-1
508,47913,80,375,68,30,1,-1,-1,-1
509,47924,394,349,104,69,1,-1,-1,-1
509,47913,90,375,67,30,1,-1,-1,-1
510,47924,394,349,104,69,1,-1,-1,-1
510,47913,97,375,67,31,1,-1,-1,-1
511,47924,395,349,103,69,1,-1,-1,-1
511,47913,104,374,67,32,1,-1,-1,-1
512,47924,393,349,103,69,1,-1,-1,-1
512,47913,108,374,67,32,1,-1,-1,-1
513,47924,391,348,104,70,1,-1,-1,-1
513,47913,112,374,66,32,1,-1,-1,-1
514,47924,390,349,104,69,1,-1,-1,-1
514,47913,116,375,67,33,1,-1,-1,-1
515,47924,392,349,104,69,1,-1,-1,-1
515,47913,125,375,66,34,1,-1,-1,-1
516,47924,393,349,104,69,1,-1,-1,-1
516,47913,132,375,66,34,1,-1,-1,-1
517,47924,394,349,104,69,1,-1,-1,-1
517,47913,139,375,66,35,1,-1,-1,-1
518,47924,393,349,104,69,1,-1,-1,-1
518,47913,144,375,65,35,1,-1,-1,-1
519,47927,0,369,8,34,1,-1,-1,-1
519,47924,393,349,103,69,1,-1,-1,-1
519,47913,148,375,65,36,1,-1,-1,-1
520,47927,0,367,11,37,1,-1,-1,-1
520,47924,390,348,104,70,1,-1,-1,-1
520,47913,149,375,65,37,1,-1,-1,-1
521,47927,0,367,18,39,1,-1,-1,-1
521,47924,390,349,103,69,1,-1,-1,-1
521,47913,154,376,65,37,1,-1,-1,-1
522,47927,0,367,27,39,1,-1,-1,-1
522,47924,391,349,104,69,1,-1,-1,-1
522,47913,160,376,65,39,1,-1,-1,-1
523,47927,0,366,37,41,1,-1,-1,-1
523,47924,393,349,103,69,1,-1,-1,-1
523,47913,166,376,65,40,1,-1,-1,-1
524,47927,0,366,45,41,1,-1,-1,-1
524,47924,393,349,104,69,1,-1,-1,-1
524,47913,171,376,64,41,1,-1,-1,-1
525,47927,0,365,52,44,1,-1,-1,-1
525,47924,394,349,103,69,1,-1,-1,-1
525,47913,175,376,63,42,1,-1,-1,-1
526,47927,0,365,56,44,1,-1,-1,-1
526,47924,392,349,103,69,1,-1,-1,-1
526,47913,176,376,64,43,1,-1,-1,-1
527,47927,0,364,60,46,1,-1,-1,-1
527,47924,390,348,104,70,1,-1,-1,-1
527,47913,176,376,65,44,1,-1,-1,-1
528,47927,0,365,65,46,1,-1,-1,-1
528,47924,390,349,103,69,1,-1,-1,-1
528,47913,178,377,64,45,1,-1,-1,-1
529,47927,0,365,74,47,1,-1,-1,-1
529,47924,391,349,104,69,1,-1,-1,-1
529,47913,183,378,64,46,1,-1,-1,-1
530,47927,0,365,81,48,1,-1,-1,-1
530,47924,393,349,103,69,1,-1,-1,-1
530,47913,185,378,66,48,1,-1,-1,-1
531,47927,4,365,85,48,1,-1,-1,-1
531,47924,394,349,103,69,1,-1,-1,-1
531,47913,187,378,67,49,1,-1,-1,-1
532,47927,9,365,84,48,1,-1,-1,-1
532,47924,393,349,104,69,1,-1,-1,-1
532,47913,186,379,69,50,1,-1,-1,-1
533,47927,13,364,84,50,1,-1,-1,-1
533,47924,393,349,103,69,1,-1,-1,-1
533,47913,183,379,72,52,1,-1,-1,-1
534,47927,14,364,84,50,1,-1,-1,-1
534,47924,390,348,104,70,1,-1,-1,-1
534,47913,178,379,74,54,1,-1,-1,-1
535,47927,18,364,84,52,1,-1,-1,-1
535,47924,390,349,104,69,1,-1,-1,-1
535,47913,175,380,77,56,1,-1,-1,-1
536,47927,25,365,82,52,1,-1,-1,-1
536,47924,391,349,104,69,1,-1,-1,-1
536,47913,173,381,80,58,1,-1,-1,-1
537,47927,32,365,82,53,1,-1,-1,-1
537,47924,393,349,104,69,1,-1,-1,-1
537,47913,171,382,83,60,1,-1,-1,-1
538,47927,37,365,81,54,1,-1,-1,-1
538,47924,393,349,104,69,1,-1,-1,-1
538,47913,165,382,87,63,1,-1,-1,-1
539,47927,41,364,80,55,1,-1,-1,-1
539,47924,394,349,104,69,1,-1,-1,-1
539,47913,158,383,94,66,1,-1,-1,-1
540,47927,42,364,79,56,1,-1,-1,-1
540,47924,392,349,104,69,1,-1,-1,-1
540,47913,147,383,101,70,1,-1,-1,-1
541,47927,42,363,79,58,1,-1,-1,-1
541,47924,391,348,103,70,1,-1,-1,-1
541,47913,132,384,112,73,1,-1,-1,-1
542,47927,43,364,79,60,1,-1,-1,-1
542,47924,390,349,104,69,1,-1,-1,-1
542,47913,117,385,123,78,1,-1,-1,-1
543,47927,45,365,81,60,1,-1,-1,-1
543,47924,392,349,104,69,1,-1,-1,-1
543,47913,105,387,133,82,1,-1,-1,-1
544,47927,46,365,82,62,1,-1,-1,-1
544,47924,393,349,104,69,1,-1,-1,-1
544,47913,88,388,146,87,1,-1,-1,-1
545,47927,45,364,85,64,1,-1,-1,-1
545,47924,394,349,104,69,1,-1,-1,-1
545,47913,69,389,160,93,1,-1,-1,-1
546,47927,42,364,87,66,1,-1,-1,-1
546,47924,394,349,104,69,1,-1,-1,-1
546,47913,42,390,179,100,1,-1,-1,-1
547,47927,36,364,90,60,1,-1,-1,-1
547,47924,393,349,104,69,1,-1,-1,-1
547,47913,7,392,203,107,1,-1,-1,-1
548,47927,27,363,94,50,1,-1,-1,-1
548,47924,390,348,104,70,1,-1,-1,-1
548,47913,0,393,195,115,1,-1,-1,-1
549,47927,22,364,96,39,1,-1,-1,-1
549,47924,390,349,104,69,1,-1,-1,-1
549,47913,0,396,180,119,1,-1,-1,-1
550,47927,17,364,100,38,1,-1,-1,-1
550,47924,391,349,105,69,1,-1,-1,-1
550,47913,0,399,165,132,1,-1,-1,-1
551,47927,12,364,108,51,1,-1,-1,-1
551,47924,393,349,104,69,1,-1,-1,-1
551,47913,0,401,147,147,1,-1,-1,-1
552,47927,3,364,117,67,1,-1,-1,-1
552,47924,394,349,104,69,1,-1,-1,-1
552,47913,0,405,122,129,1,-1,-1,-1
553,47927,0,364,118,78,1,-1,-1,-1
553,47924,394,349,104,69,1,-1,-1,-1
553,47913,0,408,91,125,1,-1,-1,-1
553,47902,0,369,11,10,1,-1,-1,-1
554,47927,0,363,113,82,1,-1,-1,-1
554,47924,393,349,104,69,1,-1,-1,-1
554,47913,0,421,51,120,1,-1,-1,-1
555,47927,0,363,106,85,1,-1,-1,-1
555,47924,391,348,104,70,1,-1,-1,-1
556,47927,0,364,101,89,1,-1,-1,-1
556,47924,390,349,104,69,1,-1,-1,-1
557,47927,0,364,98,94,1,-1,-1,-1
557,47924,392,349,104,70,1,-1,-1,-1
558,47927,0,365,93,97,1,-1,-1,-1
558,47924,393,349,104,70,1,-1,-1,-1
559,47927,0,364,86,103,1,-1,-1,-1
559,47924,394,349,105,69,1,-1,-1,-1
560,47927,0,364,76,108,1,-1,-1,-1
560,47924,394,349,104,69,1,-1,-1,-1
560,47902,60,369,10,9,1,-1,-1,-1
561,47927,0,364,63,95,1,-1,-1,-1
561,47924,393,349,104,69,1,-1,-1,-1
561,47902,60,368,16,9,1,-1,-1,-1
562,47927,0,364,45,100,1,-1,-1,-1
562,47924,391,348,104,70,1,-1,-1,-1
562,47923,22,362,19,12,1,-1,-1,-1
562,47902,64,368,16,9,1,-1,-1,-1
563,47927,0,366,29,104,1,-1,-1,-1
563,47924,390,349,105,69,1,-1,-1,-1
563,47923,28,363,21,12,1,-1,-1,-1
563,47902,71,368,17,9,1,-1,-1,-1
564,47927,0,387,13,66,1,-1,-1,-1
564,47924,391,349,105,70,1,-1,-1,-1
564,47923,38,363,21,12,1,-1,-1,-1
564,47902,81,369,16,9,1,-1,-1,-1
565,47924,393,349,105,70,1,-1,-1,-1
565,47923,49,363,21,12,1,-1,-1,-1
565,47902,92,369,15,9,1,-1,-1,-1
566,47924,394,349,104,69,1,-1,-1,-1
566,47923,58,363,20,12,1,-1,-1,-1
566,47902,100,368,15,9,1,-1,-1,-1
567,47924,394,349,104,69,1,-1,-1,-1
567,47923,66,363,21,11,1,-1,-1,-1
567,47902,108,368,15,9,1,-1,-1,-1
568,47924,393,349,104,69,1,-1,-1,-1
568,47923,71,362,21,12,1,-1,-1,-1
568,47902,113,368,15,8,1,-1,-1,-1
569,47924,391,348,104,70,1,-1,-1,-1
569,47923,76,362,21,11,1,-1,-1,-1
569,47902,118,367,15,9,1,-1,-1,-1
570,47924,390,349,105,69,1,-1,-1,-1
570,47923,83,362,20,12,1,-1,-1,-1
570,47902,124,368,15,9,1,-1,-1,-1
571,47924,392,349,105,70,1,-1,-1,-1
571,47923,93,363,21,11,1,-1,-1,-1
571,47902,134,368,15,9,1,-1,-1,-1
572,47924,392,349,106,70,1,-1,-1,-1
572,47923,102,363,21,11,1,-1,-1,-1
572,47902,143,368,14,9,1,-1,-1,-1
573,47924,393,349,106,70,1,-1,-1,-1
573,47923,111,363,21,11,1,-1,-1,-1
573,47902,152,368,14,8,1,-1,-1,-1
574,47924,393,349,106,69,1,-1,-1,-1
574,47923,118,362,20,11,1,-1,-1,-1
574,47902,158,368,14,8,1,-1,-1,-1
575,47924,392,348,106,70,1,-1,-1,-1
575,47923,124,362,20,11,1,-1,-1,-1
575,47902,164,367,14,9,1,-1,-1,-1
576,47924,389,348,106,70,1,-1,-1,-1
576,47923,127,361,21,11,1,-1,-1,-1
576,47902,168,367,13,8,1,-1,-1,-1
577,47924,389,349,106,70,1,-1,-1,-1
577,47923,134,362,21,11,1,-1,-1,-1
577,47902,174,367,14,9,1,-1,-1,-1
578,47924,390,349,106,70,1,-1,-1,-1
578,47923,143,362,20,11,1,-1,-1,-1
578,47902,183,368,13,8,1,-1,-1,-1
579,47924,392,349,105,70,1,-1,-1,-1
579,47923,152,362,21,11,1,-1,-1,-1
579,47902,192,368,13,8,1,-1,-1,-1
580,47924,393,349,105,70,1,-1,-1,-1
580,47923,160,362,20,11,1,-1,-1,-1
580,47902,200,367,12,8,1,-1,-1,-1
581,47924,394,349,103,70,1,-1,-1,-1
581,47923,167,362,20,10,1,-1,-1,-1
581,47902,207,367,12,8,1,-1,-1,-1
582,47924,392,349,104,69,1,-1,-1,-1
582,47923,171,362,20,10,1,-1,-1,-1
582,47902,211,367,13,8,1,-1,-1,-1
583,47924,391,348,103,70,1,-1,-1,-1
583,47923,176,361,20,11,1,-1,-1,-1
583,47902,216,366,12,8,1,-1,-1,-1
584,47924,390,349,104,70,1,-1,-1,-1
584,47923,181,362,20,10,1,-1,-1,-1
584,47902,222,367,12,8,1,-1,-1,-1
585,47924,393,349,103,70,1,-1,-1,-1
585,47923,190,362,20,10,1,-1,-1,-1
585,47902,231,367,11,8,1,-1,-1,-1
586,47924,394,349,103,70,1,-1,-1,-1
586,47923,198,362,20,10,1,-1,-1,-1
586,47902,239,367,11,8,1,-1,-1,-1
587,47924,396,349,102,70,1,-1,-1,-1
587,47923,206,362,20,10,1,-1,-1,-1
587,47902,246,367,12,8,1,-1,-1,-1
588,47924,396,349,102,69,1,-1,-1,-1
588,47923,211,362,20,10,1,-1,-1,-1
588,47902,252,366,12,8,1,-1,-1,-1
589,47924,396,349,101,69,1,-1,-1,-1
589,47923,216,361,20,10,1,-1,-1,-1
589,47902,258,366,11,8,1,-1,-1,-1
590,47924,394,348,101,70,1,-1,-1,-1
590,47923,220,361,20,10,1,-1,-1,-1
590,47902,261,366,11,8,1,-1,-1,-1
591,47924,395,349,100,70,1,-1,-1,-1
591,47923,225,361,21,10,1,-1,-1,-1
591,47902,268,366,10,8,1,-1,-1,-1
592,47924,397,349,99,70,1,-1,-1,-1
592,47923,233,362,20,10,1,-1,-1,-1
592,47902,275,366,11,8,1,-1,-1,-1
593,47924,400,349,98,70,1,-1,-1,-1
593,47923,241,362,20,9,1,-1,-1,-1
593,47902,283,366,11,8,1,-1,-1,-1
594,47924,402,349,97,69,1,-1,-1,-1
594,47923,248,361,20,10,1,-1,-1,-1
594,47902,291,366,10,8,1,-1,-1,-1
595,47924,403,349,96,69,1,-1,-1,-1
595,47923,254,361,20,10,1,-1,-1,-1
596,47924,403,349,96,69,1,-1,-1,-1
596,47923,258,361,20,10,1,-1,-1,-1
597,47924,402,349,95,69,1,-1,-1,-1
597,47923,262,361,19,9,1,-1,-1,-1
597,47902,305,365,11,8,1,-1,-1,-1
598,47924,403,349,94,69,1,-1,-1,-1
598,47923,266,361,20,10,1,-1,-1,-1
599,47924,406,349,94,69,1,-1,-1,-1
599,47923,274,361,20,10,1,-1,-1,-1
600,47924,409,349,93,69,1,-1,-1,-1
600,47923,281,361,20,10,1,-1,-1,-1
